{
  "keyframes": [],
  "render_height": 1080,
  "render_width": 1920,
  "camera_path": [
    {
      "camera_to_world": [
        0.7427128555420742, 0.022575390669771603, -0.6692293821617856,
        -0.021259846171733432, -0.669610046379636, 0.02503999597971674,
        -0.7422906333699744, -0.1981724754557847, 5.5511151231257815e-17,
        0.999431513580317, 0.03371423531028167, -0.11129978543386579, 0, 0, 0, 1
      ],
      "fov": 51.67941044337229,
      "aspect": 1.7118226600985222
    },
    {
      "camera_to_world": [
        0.7964913964041778, 0.025774237696454403, -0.6037394170506964,
        -0.01012942889273928, -0.6046444177317216, 0.029711841774999515,
        -0.7955177114808494, -0.2109332340735322, -0.0025658448881561175,
        0.9992261481414024, 0.05148093840983719, -0.10903173120654168, 0, 0, 0,
        1
      ],
      "fov": 51.67941044337229,
      "aspect": 1.7118226600985222
    },
    {
      "camera_to_world": [
        0.8398835403301698, 0.027545317044042804, -0.5413465077072666,
        0.0009670064253621154, -0.5427550790177097, 0.03610118019070613,
        -0.8381402173377515, -0.22268706399665178, -0.003544415740222305,
        0.9989684480992288, 0.06682016667274078, -0.10678357560289417, 0, 0, 0,
        1
      ],
      "fov": 51.67941044337229,
      "aspect": 1.7118226600985222
    },
    {
      "camera_to_world": [
        0.8748161864885745, 0.027967309572938696, -0.4826716944644822,
        0.01209305654780847, -0.48444466674891856, 0.04398341595265379,
        -0.872137067813522, -0.23342441947211326, -0.0031630232558311037,
        0.9986407205378656, 0.08003105839871001, -0.10455278925781905, 0, 0, 0,
        1
      ],
      "fov": 51.67941044337229,
      "aspect": 1.7118226600985222
    },
    {
      "camera_to_world": [
        0.9029891819113387, 0.027117597369717552, -0.42772290457026135,
        0.023312318239837503, -0.42966007507116105, 0.05313353812191825,
        -0.8992713986321095, -0.24313575474688656, -0.0016604941840660792,
        0.9982191457989275, 0.09145528146711217, -0.10233684280621219, 0, 0, 0,
        1
      ],
      "fov": 51.67941044337229,
      "aspect": 1.7118226600985222
    },
    {
      "camera_to_world": [
        0.9258037579373061, 0.025073003803635488, -0.37612258764562606,
        0.03468838826668694, -0.3780038021016444, 0.06332531065725487,
        -0.9210014368765929, -0.2518115240679416, 0.0007262133727238126,
        0.9976779287477622, 0.10143052959543152, -0.10013320688296938, 0, 0, 0,
        1
      ],
      "fov": 51.67941044337229,
      "aspect": 1.7118226600985222
    },
    {
      "camera_to_world": [
        0.9443636201781341, 0.02191048772584151, -0.32727058260868286,
        0.046284863393594465, -0.3288816974824902, 0.07433078720445033,
        -0.9384747655152493, -0.25944218168224814, 0.003765892335751173,
        0.9969929110084899, 0.11026821958330071, -0.09793935212298646, 0, 0, 0,
        1
      ],
      "fov": 51.67941044337229,
      "aspect": 1.7118226600985222
    },
    {
      "camera_to_world": [
        0.9595059402043964, 0.017707702263029715, -0.28044774235357567,
        0.058165340385797855, -0.28159554173641177, 0.08592020701610871,
        -0.9525581311561706, -0.26601818183677617, 0.00723198359054644,
        0.9961446457753377, 0.11824580574822083, -0.09575274916115924, 0, 0, 0,
        1
      ],
      "fov": 51.67941044337229,
      "aspect": 1.7118226600985222
    },
    {
      "camera_to_world": [
        0.9718384523668722, 0.01254335958530508, -0.23487587925244052,
        0.07039341600853476, -0.2353958894851022, 0.09786227110426189,
        -0.9638756654648596, -0.27152997877849555, 0.010899436438651409,
        0.9951209172882609, 0.12560661953124416, -0.09357086863238355, 0, 0, 0,
        1
      ],
      "fov": 51.67941044337229,
      "aspect": 1.7118226600985222
    },
    {
      "camera_to_world": [
        0.9817711995062505, 0.006497371607687962, -0.18974943914933595,
        0.08303268702704296, -0.189509532306774, 0.10992474796746395,
        -0.9728423656393715, -0.2759680267543761, 0.014541285532094324,
        0.9939186757207459, 0.13256274725466413, -0.0913911811715552, 0, 0, 0, 1
      ],
      "fov": 51.67941044337229,
      "aspect": 1.7118226600985222
    },
    {
      "camera_to_world": [
        0.9895382384002092, -0.00034923676397434494, -0.1442512212392997,
        0.09614675020656013, -0.1431528303739364, 0.12187531756492262,
        -0.9796874842230879, -0.2793227800113878, 0.017926011819197014,
        0.992545356647308, 0.1392983073393477, -0.08921115741357004, 0, 0, 0, 1
      ],
      "fov": 51.67941044337229,
      "aspect": 1.7118226600985222
    },
    {
      "camera_to_world": [
        0.9952079560864823, -0.00791462089134297, -0.09756156953576393,
        0.10979920231232398, -0.09553950943645487, 0.13348253243297722,
        -0.984466373565443, -0.28158469279650045, 0.020816490549744673,
        0.9910195620225795, 0.1459715707548007, -0.08702826799332386, 0, 0, 0, 1
      ],
      "fov": 51.67941044337229,
      "aspect": 1.7118226600985222
    },
    {
      "camera_to_world": [
        0.9986823422694531, -0.016116574101765063, -0.04886873886991277,
        0.12405364010957229, -0.04589003231864696, 0.1445167577808068,
        -0.9870612962733768, -0.282744219356684, 0.022971377255024215,
        0.9893710945644945, 0.15271491007883092, -0.08483998354571251, 0, 0, 0,
        1
      ],
      "fov": 51.67941044337229,
      "aspect": 1.7118226600985222
    },
    {
      "camera_to_world": [
        0.9996868824140454, -0.024873090965802775, 0.0026123697846522397,
        0.1389736603635427, 0.0065506945350091725, 0.15475094925339167,
        -0.9871731676132854, -0.2827918139389083, 0.024150062741028544,
        0.9876403561271587, 0.15963180343672292, -0.0826437747056318, 0, 0, 0, 1
      ],
      "fov": 51.67941044337229,
      "aspect": 1.7118226600985222
    },
    {
      "camera_to_world": [
        0.9977546425942008, -0.03410296570574565, 0.05760559653051506,
        0.15462285983947305, 0.06248012069348243, 0.1639611379247914,
        -0.9843081811333352, -0.2817179307901431, 0.024122763105552704,
        0.9858771388872349, 0.16679028689449854, -0.08043711210797756, 0, 0, 0,
        1
      ],
      "fov": 51.67941044337229,
      "aspect": 1.7118226600985222
    },
    {
      "camera_to_world": [
        0.9922113985177863, -0.04372634930439436, 0.11671522880063517,
        0.1710648353026009, 0.12248186135904948, 0.1719265159167654,
        -0.9777666014591678, -0.2795130241573586, 0.02268775637653705,
        0.98413885173853, 0.1742125955176723, -0.0782174663876456, 0, 0, 0, 1
      ],
      "fov": 51.67941044337229,
      "aspect": 1.7118226600985222
    },
    {
      "camera_to_world": [
        0.9821737801857179, -0.053665188256826875, 0.18033751395254624,
        0.188363183518164, 0.18694025163071082, 0.17842905084126073,
        -0.9666461340989699, -0.27616754828752443, 0.019697914507476363,
        0.9824882296420888, 0.1818615750864699, -0.07598230817953175, 0, 0, 0, 1
      ],
      "fov": 51.67941044337229,
      "aspect": 1.7118226600985222
    },
    {
      "camera_to_world": [
        0.9665788327322808, -0.06384347176318651, 0.2485408957514464,
        0.20658150125140023, 0.2559246248341014, 0.18325260071062122,
        -0.9498786013730643, -0.2716719574276106, 0.015097897781680213,
        0.9809905684796449, 0.18962612107149054, -0.07372910811853184, 0, 0, 0,
        1
      ],
      "fov": 51.67941044337229,
      "aspect": 1.7118226600985222
    },
    {
      "camera_to_world": [
        0.9442683265214504, -0.07418722119325748, 0.32092655137288356,
        0.2257833852675471, 0.3290544827268687, 0.18618155113001597,
        -0.9263232178728357, -0.26601670582458686, 0.008970781779326122,
        0.9797105114422545, 0.1973105284915704, -0.07145533683954167, 0, 0, 0, 1
      ],
      "fov": 51.67941044337229,
      "aspect": 1.7118226600985222
    },
    {
      "camera_to_world": [
        0.9141482164225502, -0.08462416445470335, 0.3965019795148691,
        0.2460324323318424, 0.40537700670315735, 0.1869990527563207,
        -0.8949360100086504, -0.2591922477254232, 0.0015877178144915636,
        0.9787083861184508, 0.20463557420592074, -0.06915846497745709, 0, 0, 0,
        1
      ],
      "fov": 51.67941044337229,
      "aspect": 1.7118226600985222
    },
    {
      "camera_to_world": [
        0.8774432889173176, -0.09497754939637118, 0.4699687164217413,
        0.2664692355318478, 0.4796437635953883, 0.18583448147759463,
        -0.8571388562520357, -0.251608270119968, -0.005927459659261137,
        0.9779799643165568, 0.210813630223126, -0.06693363818420262, 0, 0, 0, 1
      ],
      "fov": 51.67941044337229,
      "aspect": 1.7118226600985222
    },
    {
      "camera_to_world": [
        0.8390709684112739, -0.10498450883774516, 0.5333530776133509,
        0.28526074688250325, 0.5438918134415796, 0.18334644780850232,
        -0.8181082792592798, -0.2440790728322244, -0.011899800023405726,
        0.9774263823839122, 0.21501938984144453, -0.06497505494564411, 0, 0, 0,
        1
      ],
      "fov": 51.67941044337229,
      "aspect": 1.7118226600985222
    },
    {
      "camera_to_world": [
        0.8005451213723217, -0.11461444432113534, 0.5875889558390945,
        0.3024258445537793, 0.5990527794329322, 0.17962889830077922,
        -0.7793293775979003, -0.2365462199170998, -0.016225785055075482,
        0.9770347936732887, 0.21768082182128926, -0.06327759547566054, 0, 0, 0,
        1
      ],
      "fov": 51.67941044337229,
      "aspect": 1.7118226600985222
    },
    {
      "camera_to_world": [
        0.7626803191477011, -0.1238430763882909, 0.6340547762936182,
        0.31804118148667293, 0.6464974936188945, 0.1747552656591599,
        -0.7415709293692743, -0.22892456940831646, -0.01896632619270934,
        0.976792449579275, 0.21919648120725033, -0.06182997694312638, 0, 0, 0, 1
      ],
      "fov": 51.67941044337229,
      "aspect": 1.7118226600985222
    },
    {
      "camera_to_world": [
        0.7258232019049433, -0.132645503424652, 0.6741197052380903,
        0.3321834106221807, 0.6875829298495443, 0.16879860208096828,
        -0.7051326897261634, -0.22112897933959705, -0.020258187381223623,
        0.9766842900122493, 0.2198875005298314, -0.060620916516916125, 0, 0, 0,
        1
      ],
      "fov": 51.67941044337229,
      "aspect": 1.7118226600985222
    },
    {
      "camera_to_world": [
        0.6899781487455506, -0.14099622876910056, 0.7090365864931619,
        0.3449291849012997, 0.7235460100366918, 0.16183186644781802,
        -0.6699751944458004, -0.21307430774466382, -0.02028116401112402,
        0.976693662554901, 0.2200008132744899, -0.05963913136590427, 0, 0, 0, 1
      ],
      "fov": 51.67941044337229,
      "aspect": 1.7118226600985222
    },
    {
      "camera_to_world": [
        0.6549098379827042, -0.14886923423367973, 0.73989963690938,
        0.3563551572650267, 0.7554621318847229, 0.15392819111295075,
        -0.6358237324232795, -0.20467541265723932, -0.019237239969866596,
        0.976802980687187, 0.21971961357306613, -0.05887333865896531, 0, 0, 0, 1
      ],
      "fov": 51.67941044337229,
      "aspect": 1.7118226600985222
    },
    {
      "camera_to_world": [
        0.6202166646840209, -0.15623809137837089, 0.7676374312758802,
        0.3665379806543586, 0.7842389103520612, 0.14516111241373583,
        -0.602241708669127, -0.19584715211104586, -0.017338406444661128,
        0.9769943245716685, 0.2191750406489267, -0.058312255564973735, 0, 0, 0,
        1
      ],
      "fov": 51.67941044337229,
      "aspect": 1.7118226600985222
    },
    {
      "camera_to_world": [
        0.5853784849991093, -0.1630761016561192, 0.7930211764623722,
        0.3755543080102922, 0.8106250595552891, 0.13560475322076002,
        -0.5686776660947412, -0.18650438413980594, -0.014800071659670325,
        0.9772499864275157, 0.2184562330703178, -0.057944599252804006, 0, 0, 0,
        1
      ],
      "fov": 51.67941044337229,
      "aspect": 1.7118226600985222
    },
    {
      "camera_to_world": [
        0.549785176277414, -0.16935645634598917, 0.8166761264919673,
        0.38348079227382426, 0.8352222025319173, 0.12533394970663864,
        -0.5344928843851655, -0.17656196677724206, -0.011837750772242132,
        0.9775529610946216, 0.21761769450047547, -0.05775908689133065, 0, 0, 0,
        1
      ],
      "fov": 51.67941044337229,
      "aspect": 1.7118226600985222
    },
    {
      "camera_to_world": [
        0.5127527836802568, -0.17505240707729927, 0.8390891357462926,
        0.39039408638595174, 0.8584925702022704, 0.1144243181384999,
        -0.49897651551542793, -0.1659347580570765, -0.008665433379107843,
        0.9778873811410917, 0.21668377704992456, -0.057744435649428154, 0, 0, 0,
        1
      ],
      "fov": 51.67941044337229,
      "aspect": 1.7118226600985222
    },
    {
      "camera_to_world": [
        0.4735336863089456, -0.18013743776912838, 0.860608324617345,
        0.3963708432876716, 0.8807585698226864, 0.10295226089065125,
        -0.4613547381622793, -0.1545376160130317, -0.0054945076719304445,
        0.9782388948981106, 0.21565045136642078, -0.057889362695970975, 0, 0, 0,
        1
      ],
      "fov": 51.67941044337229,
      "aspect": 1.7118226600985222
    },
    {
      "camera_to_world": [
        0.43132725810257816, -0.18458542901853814, 0.8814325548869164,
        0.40148771591998034, 0.9021919881972644, 0.09099491402608056,
        -0.4208003833391478, -0.14228539867883028, -0.0025323606336731933,
        0.9785949851779481, 0.21448470473940406, -0.05818258519983364, 0, 0, 0,
        1
      ],
      "fov": 51.67941044337229,
      "aspect": 1.7118226600985222
    },
    {
      "camera_to_world": [
        0.3852982742050518, -0.18837080640783133, 0.9015898108029575,
        0.4058213572238752, 0.9227920889815423, 0.078630041666256,
        -0.3764502378287851, -0.12909296408819443, 2.0191337689615437e-5,
        0.9789452261698947, 0.2131221046605405, -0.05861282032989062, 0, 0, 0, 1
      ],
      "fov": 51.67941044337229,
      "aspect": 1.7118226600985222
    },
    {
      "camera_to_world": [
        0.3346117018291837, -0.19146866489135242, 0.9209056063106611,
        0.40944842014035276, 0.9423540279031913, 0.06593588489741803,
        -0.327438655857056, -0.11487517027484667, 0.001973599150977537,
        0.9792814761076191, 0.21146345054433915, -0.05916878525501642, 0, 0, 0,
        1
      ],
      "fov": 51.67941044337229,
      "aspect": 1.7118226600985222
    },
    {
      "camera_to_world": [
        0.27849377628648236, -0.1938548623722187, 0.9389661956049777,
        0.41244555761041013, 0.9604328433785772, 0.05299097507841339,
        -0.2729574899865921, -0.09954687527250963, 0.0031575195067990217,
        0.9795980037213669, 0.20937213800153606, -0.059839197144085504, 0, 0, 0,
        1
      ],
      "fov": 51.67941044337229,
      "aspect": 1.7118226600985222
    },
    {
      "camera_to_world": [
        0.2163286558571102, -0.19550607677572615, 0.9550874930376887,
        0.41488942257504396, 0.976314563249908, 0.03987392305254016,
        -0.21235198059566804, -0.0830229371149054, 0.003433109552198615,
        0.9798915471643603, 0.2066749065079742, -0.06061277316597238, 0, 0, 0, 1
      ],
      "fov": 51.67941044337229,
      "aspect": 1.7118226600985222
    },
    {
      "camera_to_world": [
        0.14779442982814278, -0.19639982233742248, 0.9683090520308517,
        0.4168566679752511, 0.9890143886104229, 0.026663196868955887,
        -0.1452570695645953, -0.06521821383575653, 0.00271028288664939,
        0.9801613049486071, 0.20316978982274814, -0.06147823048955156, 0, 0, 0,
        1
      ],
      "fov": 51.67941044337229,
      "aspect": 1.7118226600985222
    },
    {
      "camera_to_world": [
        0.07302813177246659, -0.1965144224036335, 0.9774404087933182,
        0.41842394675202854, 0.997329410432409, 0.01343690115417708,
        -0.07176479862406915, -0.046047563468785704, 0.0009690492076817028,
        0.9804088593412135, 0.19864556611310966, -0.06242428628369748, 0, 0, 0,
        1
      ],
      "fov": 51.67941044337229,
      "aspect": 1.7118226600985222
    },
    {
      "camera_to_world": [
        -0.005041540465881343, -0.19567581034096848, 0.981150647583266,
        0.4196123875856784, 0.9999863265242606, 0.00037575683505291043,
        0.005214922527670187, -0.025902544452242347, -0.0013891127549221576,
        0.9806685658540333, 0.1931740441414634, -0.06342215089727618, 0, 0, 0, 1
      ],
      "fov": 51.67941044337229,
      "aspect": 1.7118226600985222
    },
    {
      "camera_to_world": [
        -0.07642411296299341, -0.1933175183420034, 0.9792832112229596,
        0.42021581034778493, 0.9970714096238761, -0.012041629309932318,
        0.07559220786035217, -0.006683923775906309, -0.002821182106172527,
        0.9810623508552612, 0.18785688788981297, -0.06439862262900273, 0, 0, 0,
        1
      ],
      "fov": 51.67941044337229,
      "aspect": 1.7118226600985222
    },
    {
      "camera_to_world": [
        -0.13980120722038816, -0.18954039915621354, 0.9733750277605677,
        0.4201617103271317, 0.990174913131172, -0.023743646713208083,
        0.13799186140153744, 0.011421940376221427, -0.003043659868937292,
        0.9815857967230687, 0.18302814406274487, -0.06535757264145689, 0, 0, 0,
        1
      ],
      "fov": 51.67941044337229,
      "aspect": 1.7118226600985222
    },
    {
      "camera_to_world": [
        -0.19551849999911522, -0.18451698774971265, 0.9648212753725083,
        0.41939884984517933, 0.9806978113525068, -0.03470511513421948,
        0.1927321734173457, 0.02843892287745112, -0.002078212332534439,
        0.9822163897101764, 0.17881335497773315, -0.06631128125686724, 0, 0, 0,
        1
      ],
      "fov": 51.67941044337229,
      "aspect": 1.7118226600985222
    },
    {
      "camera_to_world": [
        -0.2443448079801347, -0.1784189473386135, 0.9546795295371349,
        0.4178759912233882, 0.9696884094766443, -0.04489992708470225,
        0.2405732725638577, 0.04439089860109255, -5.779106135264103e-5,
        0.9829296392816576, 0.17524695834926926, -0.0672720287974623, 0, 0, 0, 1
      ],
      "fov": 51.67941044337229,
      "aspect": 1.7118226600985222
    },
    {
      "camera_to_world": [
        -0.2872550691321837, -0.17141770810657864, 0.9436686869524595,
        0.415541896783219, 0.957849980999135, -0.054301124828094176,
        0.2824953282682944, 0.05930174242045552, 0.0028176511177063495,
        0.9837008474073262, 0.17229567252838873, -0.06825209558547067, 0, 0, 0,
        1
      ],
      "fov": 51.67941044337229,
      "aspect": 1.7118226600985222
    },
    {
      "camera_to_world": [
        -0.3252867136613824, -0.16368495005879335, 0.9322166880717724,
        0.4123453288461319, 0.9455943615061407, -0.06288108274999409,
        0.3195505508299078, 0.07319532920885026, 0.006313271986218601,
        0.9845065802504516, 0.1698808168828912, -0.06926376194312092, 0, 0, 0, 1
      ],
      "fov": 51.67941044337229,
      "aspect": 1.7118226600985222
    },
    {
      "camera_to_world": [
        -0.35945913449185196, -0.15539291534736144, 0.9205204398734386,
        0.40823504973358754, 0.9331052966263471, -0.07061174797639302,
        0.35277934546485046, 0.08609553383958657, 0.010180178693202164,
        0.9853258460568087, 0.16789536380913922, -0.07031930819264152, 0, 0, 0,
        1
      ],
      "fov": 51.67941044337229,
      "aspect": 1.7118226600985222
    },
    {
      "camera_to_world": [
        -0.39073786360313467, -0.1467145556443176, 0.9085987110227811,
        0.4031598217670464, 0.9203929607092669, -0.07746489694756903,
        0.3831722690659439, 0.09802623118597428, 0.01416756237636693,
        0.9861409782089945, 0.16621490470651695, -0.0714310146562611, 0, 0, 0, 1
      ],
      "fov": 51.67941044337229,
      "aspect": 1.7118226600985222
    },
    {
      "camera_to_world": [
        -0.4200268049309519, -0.1378235362889495, 0.8963303653154254,
        0.39706840726796877, 0.9073326017388452, -0.08341237099478539,
        0.41166094917353213, 0.10901129612132357, 0.01802867053651318,
        0.9869382195506652, 0.16470318496939473, -0.0726111616562082, 0, 0, 0, 1
      ],
      "fov": 51.67941044337229,
      "aspect": 1.7118226600985222
    },
    {
      "camera_to_world": [
        -0.448176495933769, -0.1288941309526001, 0.8834761353499687,
        0.38990956855781533, 0.8936859675759516, -0.08842626004788905,
        0.4391257001343238, 0.11907460351894417, 0.021522542841485973,
        0.9877080031770104, 0.1632131665908838, -0.07387202951471135, 0, 0, 0, 1
      ],
      "fov": 51.67941044337229,
      "aspect": 1.7118226600985222
    },
    {
      "camera_to_world": [
        -0.47600062978169483, -0.12010104826037403, 0.8696841312757049,
        0.3816320679580463, 0.879106032835425, -0.0924790105473926,
        0.4664118516759409, 0.12824002825214625, 0.024412772882044954,
        0.9884449255345158, 0.1615843322337985, -0.07522589855399915, 0, 0, 0, 1
      ],
      "fov": 51.67941044337229,
      "aspect": 1.7118226600985222
    },
    {
      "camera_to_world": [
        -0.504295927099605, -0.11161923497498864, 0.8544791265224928,
        0.3721846677901224, 0.8631252936645413, -0.09554344144678115,
        0.4943496847521277, 0.13653144519423951, 0.02646403875543195,
        0.9891474092268067, 0.15963649809122588, -0.07668504909630011, 0, 0, 0,
        1
      ],
      "fov": 51.67941044337229,
      "aspect": 1.7118226600985222
    },
    {
      "camera_to_world": [
        -0.5338617046204595, -0.10362369883918159, 0.8372343996201195,
        0.361516130375504, 0.8451265595450749, -0.09759266077540273,
        0.5237741163414061, 0.14397272921853396, 0.02743681270195556,
        0.989817054612449, 0.15715990310354927, -0.07826176146384281, 0, 0, 0, 1
      ],
      "fov": 51.67941044337229,
      "aspect": 1.7118226600985222
    },
    {
      "camera_to_world": [
        -0.5655150042887461, -0.0962893879555054, 0.8171230986722297,
        0.3495752180356514, 0.8242932877640642, -0.09859988444888039,
        0.5555397105000355, 0.15058775519833978, 0.027080540456378886,
        0.9904576803447088, 0.15390085014005028, -0.07996831597885581, 0, 0, 0,
        1
      ],
      "fov": 51.67941044337229,
      "aspect": 1.7118226600985222
    },
    {
      "camera_to_world": [
        -0.6000943699425689, -0.08979115272351522, 0.7930442095718307,
        0.3363106930920254, 0.7995345162563617, -0.09853816874073071,
        0.5905236146571388, 0.15640039800696653, 0.02512577318087922,
        0.9910740528304663, 0.14954177408623057, -0.08181699296356763, 0, 0, 0,
        1
      ],
      "fov": 51.67941044337229,
      "aspect": 1.7118226600985222
    },
    {
      "camera_to_world": [
        -0.638438975439369, -0.08430380096742397, 0.7635172880081716,
        0.32167131786608616, 0.7693783104365285, -0.097380078029457,
        0.6296022314596472, 0.16143453251772444, 0.02127651451158191,
        0.991670302845367, 0.14367456648161364, -0.08382007274020688, 0, 0, 0, 1
      ],
      "fov": 51.67941044337229,
      "aspect": 1.7118226600985222
    },
    {
      "camera_to_world": [
        -0.6813174770464712, -0.08000223704343651, 0.7265430681365328,
        0.3056058546792941, 0.7318300840974945, -0.09509732021381853,
        0.6735744024235535, 0.16571403360392334, 0.015206034357629204,
        0.9922480243145846, 0.13576705985807636, -0.08598983563100211, 0, 0, 0,
        1
      ],
      "fov": 51.67941044337229,
      "aspect": 1.7118226600985222
    },
    {
      "camera_to_world": [
        -0.7292598112742557, -0.0770616513519431, 0.6794414477852136,
        0.28806306585311003, 0.6842054107687375, -0.09166039381829394,
        0.7229817640001094, 0.1692627761388732, 0.00656380491940394,
        0.9928040461722478, 0.1251266876202793, -0.08833856195818181, 0, 0, 0, 1
      ],
      "fov": 51.67941044337229,
      "aspect": 1.7118226600985222
    },
    {
      "camera_to_world": [
        -0.781649558761434, -0.0757049512909327, 0.6194213734171906,
        0.2692156860106119, 0.6236982759809131, -0.08700564480492562,
        0.7771692889737548, 0.17206405650912407, -0.004942451465855936,
        0.9933271254335687, 0.11101827971099897, -0.09084608150099577, 0, 0, 0,
        1
      ],
      "fov": 51.67941044337229,
      "aspect": 1.7118226600985222
    },
    {
      "camera_to_world": [
        -0.8321933382701457, -0.07640440035241468, 0.5503203452296932,
        0.2510673698242176, 0.5541637012520878, -0.08086109385903263,
        0.8296304742588518, 0.1737632282392317, -0.018890207870161376,
        0.9937926600185314, 0.09413178956815864, -0.09322482449918439, 0, 0, 0,
        1
      ],
      "fov": 51.67941044337229,
      "aspect": 1.7118226600985222
    },
    {
      "camera_to_world": [
        -0.8780246402844706, -0.0790369174596491, 0.4740229847829025,
        0.23402232641852028, 0.47736260805197217, -0.07329987968534542,
        0.877316159730873, 0.17428374177428338, -0.03460739064340917,
        0.9941731706883821, 0.07495709287706932, -0.0954149710032586, 0, 0, 0, 1
      ],
      "fov": 51.67941044337229,
      "aspect": 1.7118226600985222
    },
    {
      "camera_to_world": [
        -0.9176024340568645, -0.08334654439432633, 0.39156965918498593,
        0.21797773207720572, 0.3941688470650709, -0.06448035249479368,
        0.9185699466812633, 0.17363976684608598, -0.05134873918910104,
        0.9944323193056789, 0.053874437906440684, -0.09742977309074996, 0, 0, 0,
        1
      ],
      "fov": 51.67941044337229,
      "aspect": 1.7118226600985222
    },
    {
      "camera_to_world": [
        -0.9496232429433723, -0.08907575937281484, 0.30438655388980734,
        0.2028307630839598, 0.3058668002776384, -0.05456282728232945,
        0.9520316179148383, 0.17184547318644647, -0.06827295913926804,
        0.994529238871897, 0.03137872370799661, -0.09928248283919, 0, 0, 0, 1
      ],
      "fov": 51.67941044337229,
      "aspect": 1.7118226600985222
    },
    {
      "camera_to_world": [
        -0.9731629204791123, -0.0959648396712456, 0.21413536643239317,
        0.1884785957224694, 0.2140394387425994, -0.04371087847325432,
        0.9767709558236477, 0.1689150305271718, -0.08450472689333965,
        0.9944245112877943, 0.00803397175888399, -0.10098635232611015, 0, 0, 0,
        1
      ],
      "fov": 51.67941044337229,
      "aspect": 1.7118226600985222
    },
    {
      "camera_to_world": [
        -0.9877562843927263, -0.10375168099594309, 0.12252361761233975,
        0.17481840627642026, 0.12039948437598885, -0.032092039750148696,
        0.9923432606600342, 0.16486260860006885, -0.09920426807689021,
        0.9940853533148906, -0.015582559154270802, -0.10255463362904195, 0, 0,
        0, 1
      ],
      "fov": 51.67941044337229,
      "aspect": 1.7118226600985222
    },
    {
      "camera_to_world": [
        -0.9933937930475056, -0.11217214644522505, 0.03112191060071513,
        0.16174737102949846, 0.02660332141703032, -0.01987787178871659,
        0.9987570495828832, 0.1597023771369445, -0.11162900709166855,
        0.9934899495088122, -0.0389330526552342, -0.10400057882551692, 0, 0, 0,
        1
      ],
      "fov": 51.67941044337229,
      "aspect": 1.7118226600985222
    },
    {
      "camera_to_world": [
        -0.9904406742796038, -0.12096091689472403, -0.05877173509515089,
        0.14916266626539054, -0.06590824728368187, -0.007243429800024709,
        0.9963717126985232, 0.1534485058696058, -0.12117497131238295,
        0.9926308424125859, -0.06155723587131669, -0.10533743999306651, 0, 0, 0,
        1
      ],
      "fov": 51.67941044337229,
      "aspect": 1.7118226600985222
    },
    {
      "camera_to_world": [
        -0.9795057808044072, -0.1298527294578301, -0.1462002752862014,
        0.13696146826778252, -0.15601088296437338, 0.005633773624408415,
        0.9857593242277868, 0.14611516452985968, -0.12739320926731215,
        0.9915172864086135, -0.08309051813664549, -0.10657846920922226, 0, 0, 0,
        1
      ],
      "fov": 51.67941044337229,
      "aspect": 1.7118226600985222
    },
    {
      "camera_to_world": [
        -0.9612957119671511, -0.13858382562033209, -0.23055059572977651,
        0.1250409533203603, -0.24292917882202045, 0.01857516120783697,
        0.9675655738499448, 0.13771652284951283, -0.12998449226898837,
        0.9901764926832671, -0.1032631740218758, -0.10773691855151567, 0, 0, 0,
        1
      ],
      "fov": 51.67941044337229,
      "aspect": 1.7118226600985222
    },
    {
      "camera_to_world": [
        -0.9364842026123242, -0.14689339043227, -0.3115074406030647,
        0.11329829770681057, -0.32620986914086375, 0.0314026516157197,
        0.9423942875092094, 0.1282667505603725, -0.12878066443631872,
        0.9886537337808492, -0.12188568955762462, -0.10882604009747822, 0, 0, 0,
        1
      ],
      "fov": 51.67941044337229,
      "aspect": 1.7118226600985222
    },
    {
      "camera_to_world": [
        -0.9056140361786181, -0.15452475200771407, -0.3889789991945427,
        0.10163067771081928, -0.40565506422368647, 0.043940181594027954,
        0.9107263768043374, 0.11778001739424546, -0.12372221444004826,
        0.9870113279281238, -0.13882652764675818, -0.10985908592464143, 0, 0, 0,
        1
      ],
      "fov": 51.67941044337229,
      "aspect": 1.7118226600985222
    },
    {
      "camera_to_world": [
        -0.8690363048515866, -0.16122612696403502, -0.46301152400898293,
        0.08993526961607234, -0.48123555919936856, 0.05601498618038448,
        0.8728735010617046, 0.10627049308293846, -0.11484005142793842,
        0.9853265739374881, -0.15398759618606067, -0.11084930811053681, 0, 0, 0,
        1
      ],
      "fov": 51.67941044337229,
      "aspect": 1.7118226600985222
    },
    {
      "camera_to_world": [
        -0.8268840406214495, -0.16675073953428826, -0.5337039684116425,
        0.07810924970625643, -0.5529994332278951, 0.0674584575064833,
        0.8289614948521372, 0.0937523473582588, -0.10224681029338677,
        0.9836887451707548, -0.1672809437867175, -0.11180995873269584, 0, 0, 0,
        1
      ],
      "fov": 51.67941044337229,
      "aspect": 1.7118226600985222
    },
    {
      "camera_to_world": [
        -0.7790747132786765, -0.1708562045936512, -0.6011277073457206,
        0.06604979426505747, -0.6209850247551951, 0.07810644404892819,
        0.7789380113140999, 0.08023974995201326, -0.08614052565162326,
        0.9821952661003227, -0.17860866157975833, -0.11275428986865002, 0, 0, 0,
        1
      ],
      "fov": 51.67941044337229,
      "aspect": 1.7118226600985222
    },
    {
      "camera_to_world": [
        -0.7253373262204847, -0.17330314152441204, -0.6652527410432332,
        0.05365407957616146, -0.6851427867943325, 0.08779890562152577,
        0.7226010347982155, 0.06574687059600844, -0.06682159003655995,
        0.9809471817123654, -0.1878471054954351, -0.11369555359593089, 0, 0, 0,
        1
      ],
      "fov": 51.67941044337229,
      "aspect": 1.7118226600985222
    },
    {
      "camera_to_world": [
        -0.6652627588646969, -0.17385307164287225, -0.7258809220280559,
        0.04081928192325496, -0.7452686625925584, 0.0963788995808974,
        0.6596481233039488, 0.05028787902205179, -0.044722278846584876,
        0.9800439873780735, -0.19483644540300454, -0.11464700199206991, 0, 0, 0,
        1
      ],
      "fov": 51.67941044337229,
      "aspect": 1.7118226600985222
    },
    {
      "camera_to_world": [
        -0.5983786902846968, -0.17226574494950692, -0.7825886511929905,
        0.02744257759002404, -0.8009524931212169, 0.10369093696395161,
        0.5897489271443047, 0.033876944961950026, -0.020446192214637518,
        0.9795778186078579, -0.19937704470695006, -0.11562188713459856, 0, 0, 0,
        1
      ],
      "fov": 51.67941044337229,
      "aspect": 1.7118226600985222
    },
    {
      "camera_to_world": [
        -0.524448451805044, -0.16831476450130692, -0.8345586281207209,
        0.013459643845678779, -0.851426876506465, 0.10955339473180295,
        0.512850846580416, 0.01657660439970752, 0.005108361942689522,
        0.9796265583137318, -0.201235944580015, -0.11663129117063707, 0, 0, 0, 1
      ],
      "fov": 51.67941044337229,
      "aspect": 1.7118226600985222
    },
    {
      "camera_to_world": [
        -0.44989879234171437, -0.1624662185236149, -0.8774211265631869,
        6.61819933925055e-5, -0.8926277271005782, 0.11307721591564728,
        0.4358574156281674, -3.814310383791741e-5, 0.02840453239753056,
        0.9802133803817427, -0.20040079815839815, -0.11761086512668648, 0, 0, 0,
        1
      ],
      "fov": 51.67941044337229,
      "aspect": 1.7118226600985222
    },
    {
      "camera_to_world": [
        -0.3781955996577411, -0.15514557158126926, -0.9108729823757458,
        -0.012120421619686633, -0.9244960041684104, 0.1140965568372823,
        0.3624403362709937, -0.015310500285282382, 0.04769933622351717,
        0.9812807077165014, -0.19735098839804016, -0.11851683362261438, 0, 0, 0,
        1
      ],
      "fov": 51.67941044337229,
      "aspect": 1.7118226600985222
    },
    {
      "camera_to_world": [
        -0.30925644132221175, -0.14652195351189515, -0.9366814597311858,
        -0.02308635530494001, -0.9488963843729559, 0.11289439944721541,
        0.29251440522445876, -0.029373199469050655, 0.06289757725582996,
        0.9827442046191424, -0.1925179621023349, -0.11933747645489039, 0, 0, 0,
        1
      ],
      "fov": 51.67941044337229,
      "aspect": 1.7118226600985222
    },
    {
      "camera_to_world": [
        -0.24268674528729214, -0.1367630855718314, -0.9562456088470521,
        -0.03281780737374848, -0.9672693609827293, 0.10975001312386151,
        0.22565260266903198, -0.042358972979566825, 0.07411563239913266,
        0.9845053545025463, -0.18621288481042972, -0.12006107341998414, 0, 0, 0,
        1
      ],
      "fov": 51.67941044337229,
      "aspect": 1.7118226600985222
    },
    {
      "camera_to_world": [
        -0.17793546112921424, -0.12603808267850897, -0.9706100079606569,
        -0.04130096613749345, -0.9806539050217619, 0.104941830463913,
        0.16124972752829375, -0.054400553141255685, 0.0815897679755445,
        0.9864591293782062, -0.17864696420220622, -0.1206759043143652, 0, 0, 0,
        1
      ],
      "fov": 51.67941044337229,
      "aspect": 1.7118226600985222
    },
    {
      "camera_to_world": [
        -0.11439487982364685, -0.11451954190453728, -0.9805045377097099,
        -0.04852201990755624, -0.9897388055145525, 0.09874989070836122,
        0.09862524003895602, -0.06563067227854198, 0.08562072371079518,
        0.9885007504332314, -0.16995268034934455, -0.1211702489345033, 0, 0, 0,
        1
      ],
      "fov": 51.67941044337229,
      "aspect": 1.7118226600985222
    },
    {
      "camera_to_world": [
        -0.05146182529685657, -0.10238481450512925, -0.9863872786259756,
        -0.05446715699531782, -0.994918054803839, 0.0914575770940493,
        0.037085307049314474, -0.07618206271584986, 0.08654331148309996,
        0.9905316054275282, -0.16020242372042937, -0.12153238707686798, 0, 0, 0,
        1
      ],
      "fov": 51.67941044337229,
      "aspect": 1.7118226600985222
    },
    {
      "camera_to_world": [
        0.01142460063416702, -0.08981644060305997, -0.9884809599039065,
        -0.059122565712159535, -0.9963399860753109, 0.08335251722656292,
        -0.024038974775461568, -0.08618745677760414, 0.08471192742346952,
        0.9924642889642894, -0.1494239592541844, -0.12175059853792893, 0, 0, 0,
        1
      ],
      "fov": 51.67941044337229,
      "aspect": 1.7118226600985222
    },
    {
      "camera_to_world": [
        0.07475738729230151, -0.07700180367123714, -0.9868006043052451,
        -0.06247443436946264, -0.9939475841135146, 0.07472664184324095,
        -0.08536456575286759, -0.09577958678822948, 0.08049554695842863,
        0.9942266598870744, -0.13761343777635793, -0.12181316311415574, 0, 0, 0,
        1
      ],
      "fov": 51.67941044337229,
      "aspect": 1.7118226600985222
    },
    {
      "camera_to_world": [
        0.13894021045279567, -0.06413213443441969, -0.9811738048287025,
        -0.06450895127860824, -0.9875112195198589, 0.06587550772670936,
        -0.14743169803395356, -0.10509118507215012, 0.0742779189378234,
        0.9957647748412441, -0.12474718086110125, -0.12170836060201808, 0, 0, 0,
        1
      ],
      "fov": 51.67941044337229,
      "aspect": 1.7118226600985222
    },
    {
      "camera_to_world": [
        0.20426497357786988, -0.05140105506811823, -0.9712573393365266,
        -0.06521230475097763, -0.9766569886421285, 0.05709708041929895,
        -0.2106750002381806, -0.1142549839537908, 0.06646011665443773,
        0.9970445601604153, -0.11079361470578564, -0.12142447079798556, 0, 0, 0,
        1
      ],
      "fov": 51.67941044337229,
      "aspect": 1.7118226600985222
    },
    {
      "camera_to_world": [
        0.27088506242597693, -0.039002897328312955, -0.9565556592306489,
        -0.06457068309795194, -0.9608950183291045, 0.04869023457781885,
        -0.27538640443667584, -0.12340371575757622, 0.05746343798263982,
        0.9980521204109303, -0.09572668930480226, -0.12094977349852777, 0, 0, 0,
        1
      ],
      "fov": 51.67941044337229,
      "aspect": 1.7118226600985222
    },
    {
      "camera_to_world": [
        0.3387830887534188, -0.027131046169535936, -0.9364485726912928,
        -0.06257027463091248, -0.9396530043254315, 0.04095325754367386,
        -0.3416682040900278, -0.13267011280793062, 0.047731019650574615,
        0.9987926396556535, -0.0795418695929117, -0.12027254850011443, 0, 0, 0,
        1
      ],
      "fov": 51.67941044337229,
      "aspect": 1.7118226600985222
    },
    {
      "camera_to_world": [
        0.4077344275088607, -0.015976550148108594, -0.9102369022935342,
        -0.05919726766124045, -0.9123208545392306, 0.034182631183235765,
        -0.40937829032855905, -0.14218690742927875, 0.03772658209843142,
        0.9992878952387825, -0.06227517250668202, -0.11938107559921507, 0, 0, 0,
        1
      ],
      "fov": 51.67941044337229,
      "aspect": 1.7118226600985222
    },
    {
      "camera_to_world": [
        0.4772713203893009, -0.005727202050610396, -0.8772149589481029,
        -0.05443785050031692, -0.8783120625907064, 0.028672318670529155,
        -0.4780750530036387, -0.15208683194604528, 0.027928613311657812,
        0.9995724572529633, -0.04402453285664882, -0.11826363459229941, 0, 0, 0,
        1
      ],
      "fov": 51.67941044337229,
      "aspect": 1.7118226600985222
    },
    {
      "camera_to_world": [
        0.5466566927871429, 0.0034327681212523962, -0.8367754667846954,
        -0.048278211459523324, -0.8371453475041521, 0.024713700839552145,
        -0.5469764832494686, -0.16250261868265448, 0.018818272587455186,
        0.9996886760856295, -0.02497088222908423, -0.11690850527583697, 0, 0, 0,
        1
      ],
      "fov": 51.67941044337229,
      "aspect": 1.7118226600985222
    },
    {
      "camera_to_world": [
        0.6148811551917882, 0.011322324343871457, -0.788544015984764,
        -0.040704538850240765, -0.7885450093849294, 0.02259619716481924,
        -0.6149546651169512, -0.17356699996353103, 0.010859703685352287,
        0.9996805574007833, -0.005393950826475873, -0.11530396744629752, 0, 0,
        0, 1
      ],
      "fov": 51.67941044337229,
      "aspect": 1.7118226600985222
    },
    {
      "camera_to_world": [
        0.6806986738434058, 0.017762606770780832, -0.7325256492175093,
        -0.03170302098385032, -0.7325498688624745, 0.022608474674080347,
