{
  "camera_angle_x": 0.8835475952976789,
  "camera_angle_y": 1.3862923062243324,
  "fl_x": 1141.771499001833,
  "fl_y": 1155.7365310912971,
  "k1": -0.007463889372778647,
  "k2": 0.004428922347955318,
  "p1": -0.00013186011058946963,
  "p2": 0.0037860577899445206,
  "cx": 513.2243907014542,
  "cy": 961.0942129210403,
  "w": 1080.0,
  "h": 1920.0,
  "aabb_scale": 16,
  "frames": [
    {
      "file_path": "./images/0006.jpg",
      "sharpness": 7.608546971444802,
      "transform_matrix": [
        [
          0.6544208719136926, 0.28090260629633956, -0.7020164159223132,
          -2.9140722447273877
        ],
        [
          -0.7556862777794784, 0.2111546457888365, -0.6199612609984176,
          -2.3996433399020978
        ],
        [
          -0.02591470637519608, 0.93621976126372, 0.3504582523763925,
          1.309322071634848
        ],
        [0.0, 0.0, 0.0, 1.0]
      ]
    },
    {
      "file_path": "./images/0008.jpg",
      "sharpness": 13.536331982786555,
      "transform_matrix": [
        [
          0.5287926923043239, 0.36828042067441863, -0.7646880542797712,
          -3.2063611973582695
        ],
        [
          -0.8476183469321329, 0.18261125903099454, -0.49819300077411116,
          -1.9592077669841965
        ],
        [
          -0.04383407954415013, 0.9116044426538812, 0.4087247406876033,
          1.345625529588746
        ],
        [0.0, 0.0, 0.0, 1.0]
      ]
    },
    {
      "file_path": "./images/0007.jpg",
      "sharpness": 13.843411388492225,
      "transform_matrix": [
        [
          0.5928224364859835, 0.3349155107335779, -0.7323886669751605,
          -3.060685828472085
        ],
        [
          -0.805275732839215, 0.2356567552327558, -0.5440559601866283,
          -2.206102876929067
        ],
        [
          -0.009620442944941956, 0.9123034004241167, 0.40940194515666545,
          1.3543300019622957
        ],
        [0.0, 0.0, 0.0, 1.0]
      ]
    },
    {
      "file_path": "./images/0003.jpg",
      "sharpness": 32.71045281980542,
      "transform_matrix": [
        [
          0.867826018599143, 0.19585270647577874, -0.4566395940490012,
          -1.9986059599597426
        ],
        [
          -0.49676461761992796, 0.3232391393821864, -0.8054448295529314,
          -2.9929858227406956
        ],
        [
          -0.010144760396633814, 0.9258283729600572, 0.3778080302277247,
          1.251720225503036
        ],
        [0.0, 0.0, 0.0, 1.0]
      ]
    },
    {
      "file_path": "./images/0004.jpg",
      "sharpness": 30.774106385019486,
      "transform_matrix": [
        [
          0.7672010220646931, 0.23353298190267213, -0.5973817357028084,
          -2.366123514703549
        ],
        [
          -0.6410449122734946, 0.24789771572792108, -0.7263663972034403,
          -2.756073289709637
        ],
        [
          -0.021540942994513364, 0.940217564685324, 0.33989251077073007,
          1.2707128429852093
        ],
        [0.0, 0.0, 0.0, 1.0]
      ]
    },
    {
      "file_path": "./images/0010.jpg",
      "sharpness": 28.490458943174183,
      "transform_matrix": [
        [
          0.3724132620439851, 0.3943612726608353, -0.8401116288469342,
          -3.5618319290812095
        ],
        [
          -0.9249631391820841, 0.08374681113714824, -0.3707150695344659,
          -1.406535702244632
        ],
        [
          -0.07583899670099584, 0.9151314978158274, 0.39595806385357507,
          1.4020399356871638
        ],
        [0.0, 0.0, 0.0, 1.0]
      ]
    },
    {
      "file_path": "./images/0002.jpg",
      "sharpness": 36.2524498456753,
      "transform_matrix": [
        [
          0.9146901258995067, 0.16895018645950602, -0.36714821002152115,
          -1.6150303227066822
        ],
        [
          -0.4026734689449974, 0.303232126580186, -0.8636575448744834,
          -3.1903618825780184
        ],
        [
          -0.034583970748768414, 0.9378198718016125, 0.34539518969895894,
          1.2977636628211158
        ],
        [0.0, 0.0, 0.0, 1.0]
      ]
    },
    {
      "file_path": "./images/0005.jpg",
      "sharpness": 22.396117860234696,
      "transform_matrix": [
        [
          0.7366648147847376, 0.24211120913170173, -0.6314325879424637,
          -2.7043871211364756
        ],
        [
          -0.6757846124743754, 0.22862072874118414, -0.7007479717657894,
          -2.6086637241165946
        ],
        [
          -0.02530036033446477, 0.9429288015780165, 0.332031876432846,
          1.2864668789754663
        ],
        [0.0, 0.0, 0.0, 1.0]
      ]
    },
    {
      "file_path": "./images/0017.jpg",
      "sharpness": 34.9608000537565,
      "transform_matrix": [
        [
          -0.3697704249741709, 0.4257632299279519, -0.8258301913229514,
          -3.278701783473298
        ],
        [
          -0.9291114915868894, -0.16498908986084926, 0.3309538282438104,
          1.1167821094119195
        ],
        [
          0.004654999224120643, 0.8896652585740972, 0.4565895954951592,
          1.4953856994648633
        ],
        [0.0, 0.0, 0.0, 1.0]
      ]
    },
    {
      "file_path": "./images/0009.jpg",
      "sharpness": 43.754335396170916,
      "transform_matrix": [
        [
          0.4333409085438157, 0.4010151544220044, -0.8070951015531441,
          -3.3606571477315477
        ],
        [
          -0.8984917336817329, 0.1224763312871011, -0.4215591924999457,
          -1.753455263706574
        ],
        [
          -0.07020157764036186, 0.907847120523443, 0.41338280600434063,
          1.3959081685278212
        ],
        [0.0, 0.0, 0.0, 1.0]
      ]
    },
    {
      "file_path": "./images/0014.jpg",
      "sharpness": 30.59656418894262,
      "transform_matrix": [
        [
          -0.007165357270020842, 0.44337529332831244, -0.896307428824502,
          -3.4254780114597776
        ],
        [
          -0.9999711731180652, -0.0009252946362635421, 0.007536362775003306,
          0.17944717499326684
        ],
        [
          0.0025120885996612204, 0.8963355918078738, 0.44336914226772794,
          1.4327118292568992
        ],
        [0.0, 0.0, 0.0, 1.0]
      ]
    },
    {
      "file_path": "./images/0001.jpg",
      "sharpness": 30.825545909078908,
      "transform_matrix": [
        [
          0.9521157015081204, 0.128272089191812, -0.2775283086836926,
          -1.1918325548893092
        ],
        [
          -0.3014940584571059, 0.24319556841178785, -0.9219312600303183,
          -3.385757681916537
        ],
        [
          -0.05076439403463585, 0.9614583645078157, 0.270223591979267,
          1.2229690498290997
        ],
        [0.0, 0.0, 0.0, 1.0]
      ]
    },
    {
      "file_path": "./images/0012.jpg",
      "sharpness": 25.306025268573304,
      "transform_matrix": [
        [
          0.1959089766893689, 0.3789616922971918, -0.9044377859579601,
          -3.5533938724129484
        ],
        [
          -0.9801326446733478, 0.046534839697975304, -0.19280691777286624,
          -0.5194572491713607
        ],
        [
          -0.030978568459465453, 0.9242416050529966, 0.3805493185267683,
          1.4264256217553066
        ],
        [0.0, 0.0, 0.0, 1.0]
      ]
    },
    {
      "file_path": "./images/0013.jpg",
      "sharpness": 22.759907236996433,
      "transform_matrix": [
        [
          0.09215671767101896, 0.41758585535954323, -0.903951985913249,
          -3.489218809140889
        ],
        [
          -0.9956453343413986, 0.025831234992672533, -0.08957184548795491,
          -0.09939862883743045
        ],
        [
          -0.014053739544002262, 0.908270224519074, 0.4181479304060048,
          1.3683146286975996
        ],
        [0.0, 0.0, 0.0, 1.0]
      ]
    },
    {
      "file_path": "./images/0015.jpg",
      "sharpness": 14.351233121130583,
      "transform_matrix": [
        [
          -0.07047375327816462, 0.4528789892671308, -0.888782353123662,
          -3.2854378094418983
        ],
        [
          -0.9972423245680445, -0.011207431984236913, 0.07336306672707499,
          0.4362626002864329
        ],
        [
          0.023263623737471442, 0.8915015505283517, 0.4524199258013191,
          1.4668968027049016
        ],
        [0.0, 0.0, 0.0, 1.0]
      ]
    },
    {
      "file_path": "./images/0016.jpg",
      "sharpness": 25.39501685996768,
      "transform_matrix": [
        [
          -0.2188182051485787, 0.44834085399499457, -0.8666654901283177,
          -3.317876995550191
        ],
        [
          -0.9755886699928296, -0.08360800382747999, 0.20306759632882262,
          0.6990684279821039
        ],
        [
          0.018583327940982032, 0.889943919795479, 0.45569121078601094,
          1.405756225995005
        ],
        [0.0, 0.0, 0.0, 1.0]
      ]
    },
    {
      "file_path": "./images/0011.jpg",
      "sharpness": 25.129675923692353,
      "transform_matrix": [
        [
          0.2822462190215439, 0.3574711681542405, -0.890253579510495,
          -3.630366158787388
        ],
        [
          -0.9578480360715698, 0.053238193533149, -0.2822991933115,
          -1.009128365068485
        ],
        [
          -0.053518330042503205, 0.9324055226848158, 0.3574293352010177,
          1.4593536329020445
        ],
        [0.0, 0.0, 0.0, 1.0]
      ]
    },
    {
      "file_path": "./images/0020.jpg",
      "sharpness": 35.24428050011783,
      "transform_matrix": [
        [
          -0.5500396632823211, 0.34513948503826236, -0.7604834677549261,
          -2.705337491351829
        ],
        [
          -0.8313050421633156, -0.31342219779139907, 0.4590190113781973,
          2.0892406119470968
        ],
        [
          -0.07992681463793025, 0.8846724036851612, 0.459310834300344,
          1.6689701841456412
        ],
        [0.0, 0.0, 0.0, 1.0]
      ]
    },
    {
      "file_path": "./images/0018.jpg",
      "sharpness": 37.06382127519682,
      "transform_matrix": [
        [
          -0.46492635302757007, 0.37831761747800435, -0.8004494153980082,
          -3.0906405343079966
        ],
        [
          -0.8842035863272977, -0.24439178329191663, 0.39806616810085865,
          1.4032671839820676
        ],
        [
          -0.04502781574957554, 0.8928316955673005, 0.4481339746606656,
          1.6044943863477423
        ],
        [0.0, 0.0, 0.0, 1.0]
      ]
    },
    {
      "file_path": "./images/0019.jpg",
      "sharpness": 39.511618373037905,
      "transform_matrix": [
        [
          -0.5045442058865819, 0.35415971644333955, -0.7874046225415592,
          -2.9130774358724403
        ],
        [
          -0.8594225929836627, -0.29329704239852616, 0.4187715983572359,
          1.7609958494818343
        ],
        [
          -0.08263141643364437, 0.8880021059729961, 0.45235418518194165,
          1.6499492939940765
        ],
        [0.0, 0.0, 0.0, 1.0]
      ]
    },
    {
      "file_path": "./images/0022.jpg",
      "sharpness": 23.221610233090264,
      "transform_matrix": [
        [
          -0.6773537892181328, 0.3147477986755526, -0.6649253097194417,
          -2.338104448273424
        ],
        [
          -0.7348689855950301, -0.33132743442437196, 0.591768286755429,
          2.6172275955649575
        ],
        [
          -0.03405023137089904, 0.8894694792228997, 0.4557242887102426,
          1.7053771037637084
        ],
        [0.0, 0.0, 0.0, 1.0]
      ]
    },
    {
      "file_path": "./images/0021.jpg",
      "sharpness": 59.71926646879195,
      "transform_matrix": [
        [
          -0.6180630516840048, 0.3419433426177237, -0.7078649692047464,
          -2.5263788947124026
        ],
        [
          -0.7850766116462728, -0.31504612583570135, 0.5332922767517656,
          2.3276766227007917
        ],
        [
          -0.040654372458048434, 0.8853364835350639, 0.4631700907525599,
          1.7048772294861712
        ],
        [0.0, 0.0, 0.0, 1.0]
      ]
    },
    {
      "file_path": "./images/0024.jpg",
      "sharpness": 53.38248815365298,
      "transform_matrix": [
        [
          -0.8309827197647262, 0.23942303574272805, -0.5021397509189233,
          -1.711636197226516
        ],
        [
          -0.5555831158922429, -0.40293733911835683, 0.7273024832082213,
          3.135063504763015
        ],
        [
          -0.0281978866678886, 0.8833561630168975, 0.46785336216965906,
          1.758081972803506
        ],
        [0.0, 0.0, 0.0, 1.0]
      ]
    },
    {
      "file_path": "./images/0023.jpg",
      "sharpness": 72.14730476452658,
      "transform_matrix": [
        [
          -0.7554711960644156, 0.2772573675635981, -0.5936258283577872,
          -2.0617477476415798
        ],
        [
          -0.6540247037164724, -0.3729584627903075, 0.6581441118500044,
          2.95266661284121
        ],
        [
          -0.038922472487928635, 0.885454875872223, 0.46309254364053104,
          1.7303523523154494
        ],
        [0.0, 0.0, 0.0, 1.0]
      ]
    },
    {
      "file_path": "./images/0025.jpg",
      "sharpness": 58.71645107902243,
      "transform_matrix": [
        [
          -0.9226708906194329, 0.18706010986445326, -0.3371749441251602,
          -1.2593974911421806
        ],
        [
          -0.3854761522617105, -0.42638440371277386, 0.8182936369721868,
          3.280379118932533
        ],
        [
          0.009303960135705962, 0.884988618913767, 0.4655196889121033,
          1.8515748895333224
        ],
        [0.0, 0.0, 0.0, 1.0]
      ]
    },
    {
      "file_path": "./images/0028.jpg",
      "sharpness": 66.11074122123351,
      "transform_matrix": [
        [
          -0.9979844572506263, 0.06180352974413144, 0.01439954312134039,
          -0.35612988459403594
        ],
        [
          -0.01572296360461786, -0.4606535407625236, 0.8874407607269335,
          3.4184199709011973
        ],
        [
          0.06148017197594969, 0.8854256824437317, 0.46069680850727024,
          1.8613894722056983
        ],
        [0.0, 0.0, 0.0, 1.0]
      ]
    },
    {
      "file_path": "./images/0026.jpg",
      "sharpness": 89.26525945019206,
      "transform_matrix": [
        [
          -0.9801131791254847, 0.1290244760527069, -0.15076750554620338,
          -0.9933010013638852
        ],
        [
          -0.19300388171097735, -0.44320549272215437, 0.8753961348250107,
          3.255676721883455
        ],
        [
          0.046126541052266455, 0.887086002503801, 0.4592937691916849,
          1.8777968967353131
        ],
        [0.0, 0.0, 0.0, 1.0]
      ]
    },
    {
      "file_path": "./images/0027.jpg",
      "sharpness": 120.44423658984569,
      "transform_matrix": [
        [
          -0.9902280788344582, 0.10863064756106658, -0.08745132556482592,
          -0.698363790340074
        ],
        [
          -0.1278681989938049, -0.4569588790195115, 0.8802490025966925,
          3.3056820655833703
        ],
        [
          0.05566035946818848, 0.8828295222368666, 0.4663839181370031,
          1.8785891965498598
        ],
        [0.0, 0.0, 0.0, 1.0]
      ]
    },
    {
      "file_path": "./images/0029.jpg",
      "sharpness": 159.67375963769322,
      "transform_matrix": [
        [
          -0.9889612150216742, -0.0021493150182995456, 0.148159021569968,
          -0.05515823570246798
        ],
        [
          0.13338530746282193, -0.44836486601174674, 0.8838423539752308,
          3.374010349869261
        ],
        [
          0.06452964420944188, 0.8938480449204618, 0.44370214970855776,
          1.8560036178606025
        ],
        [0.0, 0.0, 0.0, 1.0]
      ]
    },
    {
      "file_path": "./images/0030.jpg",
      "sharpness": 142.13229675307838,
      "transform_matrix": [
        [
          -0.9740427451217043, -0.03122552073860054, 0.22420012840126138,
          0.308191158095666
        ],
        [
          0.2168187081586827, -0.41328100188506595, 0.8844141910182335,
          3.1887328629244505
        ],
        [
          0.06504136002528113, 0.9100680086529639, 0.4093236386509035,
          1.8733192566789048
        ],
        [0.0, 0.0, 0.0, 1.0]
      ]
    },
    {
      "file_path": "./images/0031.jpg",
      "sharpness": 211.21600787607088,
      "transform_matrix": [
        [
          -0.9599791478978495, -0.031351235338954085, 0.27831122091788607,
          0.6609200729433887
        ],
        [
          0.26788401615591517, -0.39273345111686947, 0.8797718967227647,
          2.941777714632764
        ],
        [
          0.08172019049687737, 0.9191178033611344, 0.38541441858820247,
          1.8338411714441705
        ],
        [0.0, 0.0, 0.0, 1.0]
      ]
    },
    {
      "file_path": "./images/0035.jpg",
      "sharpness": 73.74862413190517,
      "transform_matrix": [
        [
          -0.8946172686549019, -0.06453394015953107, 0.4421485194328865,
          1.689166816140362
        ],
        [
          0.4264176047556545, -0.4189860983709742, 0.8016350015608595,
          2.2631803352188613
        ],
        [
          0.1335214178371738, 0.9056964281573745, 0.402350607117287,
          1.7204369047823285
        ],
        [0.0, 0.0, 0.0, 1.0]
      ]
    },
    {
      "file_path": "./images/0040.jpg",
      "sharpness": 92.950114770131,
      "transform_matrix": [
        [
          -0.5394124839268235, -0.2972468532283699, 0.7878315051294219,
          3.1196961444684472
        ],
        [
          0.8333041064084906, -0.32287603086196104, 0.4487263474978187,
          1.5818740209829127
        ],
        [
          0.12098941460980589, 0.8985518220895389, 0.4218603852198867,
          1.4612490158861877
        ],
        [0.0, 0.0, 0.0, 1.0]
      ]
    },
    {
      "file_path": "./images/0034.jpg",
      "sharpness": 107.9989125115016,
      "transform_matrix": [
        [
          -0.8980059277582266, -0.048319076355389616, 0.43732210167794255,
          1.354286984346378
        ],
        [
          0.4193122344334367, -0.3950661685700817, 0.8173738266588642,
          2.3339278159675545
        ],
        [
          0.13327641879969376, 0.91738104915579, 0.37503254110500256,
          1.7718325698225372
        ],
        [0.0, 0.0, 0.0, 1.0]
      ]
    },
    {
      "file_path": "./images/0038.jpg",
      "sharpness": 65.77406103539599,
      "transform_matrix": [
        [
          -0.7677336109518247, -0.21060271590689242, 0.6051707186507597,
          2.5394272115887837
        ],
        [
          0.6307003038343747, -0.4151371194322445, 0.6556510495788794,
          1.8316283126639377
        ],
        [
          0.11314693717690114, 0.8850467039422482, 0.4515419166526778,
          1.6288766233663337
        ],
        [0.0, 0.0, 0.0, 1.0]
      ]
    },
    {
      "file_path": "./images/0039.jpg",
      "sharpness": 79.10630569270646,
      "transform_matrix": [
        [
          -0.6410695102703388, -0.27003563726937824, 0.7184084058883451,
          2.9156422633134023
        ],
        [
          0.7576258865539074, -0.3722000931716256, 0.5361623883373386,
          1.7227129763795967
        ],
        [
          0.12260872339237593, 0.88800216513573, 0.4431921205394706,
          1.5573912815125235
        ],
        [0.0, 0.0, 0.0, 1.0]
      ]
    },
    {
      "file_path": "./images/0041.jpg",
      "sharpness": 89.76552480410119,
      "transform_matrix": [
        [
          -0.4814327312220098, -0.2979659905669653, 0.8242807736556323,
          3.2107034316427288
        ],
        [
          0.870288306696514, -0.2741230969393503, 0.4092124032246021,
          1.3947173743276335
        ],
        [
          0.10402301934293846, 0.9143701636815954, 0.39128814863422096,
          1.4379829100071078
        ],
        [0.0, 0.0, 0.0, 1.0]
      ]
    },
    {
      "file_path": "./images/0037.jpg",
      "sharpness": 98.34901172928447,
      "transform_matrix": [
        [
          -0.8585490663036077, -0.14065562739328272, 0.4930613504185551,
          2.2565000375991824
        ],
        [
          0.5013396933847838, -0.4318708380459355, 0.7497640235991005,
          1.978658442547417
        ],
        [
          0.10748028947707856, 0.8909004286477701, 0.4412985538782875,
          1.6618720405025904
        ],
        [0.0, 0.0, 0.0, 1.0]
      ]
    },
    {
      "file_path": "./images/0032.jpg",
      "sharpness": 179.43769772375055,
      "transform_matrix": [
        [
          -0.9434335930175315, -0.027023257858445802, 0.33045846810985324,
          0.8332156988996544
        ],
        [
          0.31590270771735396, -0.37593595568028837, 0.871135831248349,
          2.6842808985449604
        ],
        [
          0.10069029182396608, 0.9262515321449758, 0.36320732974076125,
          1.8258759167488088
        ],
        [0.0, 0.0, 0.0, 1.0]
      ]
    },
    {
      "file_path": "./images/0033.jpg",
      "sharpness": 211.57627839409042,
      "transform_matrix": [
        [
          -0.9244444572794138, -0.029629712840321575, 0.3801638141211426,
          1.0168016090329075
        ],
        [
          0.36311501260364015, -0.37274991319941186, 0.8539350032835341,
          2.512305830218301
        ],
        [
          0.11640417978362291, 0.9274586688183879, 0.35534558476003447,
          1.7595507139322888
        ],
        [0.0, 0.0, 0.0, 1.0]
      ]
    },
    {
      "file_path": "./images/0036.jpg",
      "sharpness": 117.2698596515083,
      "transform_matrix": [
        [
          -0.907221405371869, -0.07640661453822925, 0.4136560780825797,
          1.9700029250037496
        ],
        [
          0.4038181725662479, -0.43360633904747803, 0.805553490616396,
          2.12828024008442
        ],
        [
          0.11781428259467312, 0.8978572113814502, 0.4242313317436058,
          1.71626232204485
        ],
        [0.0, 0.0, 0.0, 1.0]
      ]
    },
    {
      "file_path": "./images/0042.jpg",
      "sharpness": 87.31422445219255,
      "transform_matrix": [
        [
          -0.4459027709043804, -0.29663629533268254, 0.8444984471482829,
          3.3445475843301367
        ],
        [
          0.8908946242112253, -0.23823304316253216, 0.38671925953877584,
          1.2365003805709593
        ],
        [
          0.08647246652678765, 0.9247983161095635, 0.3705004549249763,
          1.3640069251340514
        ],
        [0.0, 0.0, 0.0, 1.0]
      ]
    },
    {
      "file_path": "./images/0043.jpg",
      "sharpness": 41.71116221631816,
      "transform_matrix": [
        [
          -0.3822860848979036, -0.3046315102214542, 0.8723858047437459,
          3.5245699720135697
        ],
        [
          0.9185614540698849, -0.22797204263492826, 0.32291423455003876,
          1.0123981724870275
        ],
        [
          0.1005097229301642, 0.92478559179928, 0.3669733026296087,
          1.3499998672605065
        ],
        [0.0, 0.0, 0.0, 1.0]
      ]
    },
    {
      "file_path": "./images/0044.jpg",
      "sharpness": 62.08067410440747,
      "transform_matrix": [
        [
          -0.2860183822909036, -0.3338414105367227, 0.8981889543115692,
          3.6246563369646014
        ],
        [
          0.9501989451557525, -0.21987245348896164, 0.22085757587821156,
          0.8053842373623242
        ],
        [
          0.12375560442226612, 0.9166275235067782, 0.38010331959854726,
          1.3617109156040816
        ],
        [0.0, 0.0, 0.0, 1.0]
      ]
    },
    {
      "file_path": "./images/0045.jpg",
      "sharpness": 48.87560472185218,
      "transform_matrix": [
        [
          -0.2008744876782665, -0.3522687848941439, 0.9140876016192111,
          3.6490116612598897
        ],
        [
          0.9698922904891709, -0.20266937900133372, 0.1350335797720115,
          0.6236787731489153
        ],
        [
          0.13768945150679104, 0.9136913187982744, 0.38237388632378366,
          1.3325041888613791
        ],
        [0.0, 0.0, 0.0, 1.0]
      ]
    },
    {
      "file_path": "./images/0046.jpg",
      "sharpness": 33.227432345241986,
      "transform_matrix": [
        [
          -0.11591044109078322, -0.3546687393505134, 0.9277795293163252,
          3.741719644909964
        ],
        [
          0.9821268996063245, -0.18038397775216483, 0.05374359162853774,
          0.4473735375930267
        ],
        [
          0.14829539008404766, 0.9174266760571245, 0.36923809579256694,
          1.3007993603144286
        ],
        [0.0, 0.0, 0.0, 1.0]
      ]
    },
    {
      "file_path": "./images/0047.jpg",
      "sharpness": 47.70316165009491,
      "transform_matrix": [
        [
          -0.014113331493544731, -0.3416621934293028, 0.9397168507055704,
          3.8552698573036044
        ],
        [
          0.988700470746302, -0.14503852722383345, -0.03788409650424162,
          0.20311830674420492
        ],
        [
          0.1492387115414815, 0.9285638218485319, 0.3398485482938113,
          1.3183581309960017
        ],
        [0.0, 0.0, 0.0, 1.0]
      ]
    },
    {
      "file_path": "./images/0048.jpg",
      "sharpness": 64.80558338977387,
      "transform_matrix": [
        [
          0.08513916662391255, -0.3234064394059689, 0.9424221969489595,
          3.953370572914053
        ],
        [
          0.9866717156987589, -0.10427697623400904, -0.1249209256638759,
          -0.04371817433713531
        ],
        [
          0.13867316880990105, 0.9404969894811338, 0.31021793158208916,
          1.2722204294483825
        ],
        [0.0, 0.0, 0.0, 1.0]
      ]
    },
    {
      "file_path": "./images/0049.jpg",
      "sharpness": 75.15435797562853,
      "transform_matrix": [
        [
          0.16133231304400192, -0.29862240266667756, 0.9406362450162215,
          3.987986484669144
        ],
        [
          0.980484190588272, -0.060005571266890545, -0.18721667507077394,
          -0.2533238481855783
        ],
        [
          0.11235050856544243, 0.9524830665622968, 0.28311370716214823,
          1.2470022513315673
        ],
        [0.0, 0.0, 0.0, 1.0]
      ]
    },
    {
      "file_path": "./images/0052.jpg",
      "sharpness": 57.80827254287492,
      "transform_matrix": [
        [
          0.2934202209919401, -0.27518833945434534, 0.9155194983102026,
          3.8624097995356714
        ],
        [
          0.952583623391169, 0.0034664539008919205, -0.30425716777993117,
          -1.1514645707725493
        ],
        [
          0.08055441863218142, 0.9613840863939673, 0.26315703318207734,
          1.2328795950162958
        ],
        [0.0, 0.0, 0.0, 1.0]
      ]
    },
    {
      "file_path": "./images/0050.jpg",
      "sharpness": 79.87293150610736,
      "transform_matrix": [
        [
          0.21316498093442512, -0.27724556385784943, 0.9368540912378693,
          3.996403133599742
        ],
        [
          0.9734937789507809, -0.021080020450907067, -0.22773997251927097,
          -0.4855167558476362
        ],
        [
          0.08288880049688668, 0.9605678165047297, 0.265403309499803,
          1.2513833736737652
        ],
        [0.0, 0.0, 0.0, 1.0]
      ]
    },
    {
      "file_path": "./images/0053.jpg",
      "sharpness": 48.50665200648451,
      "transform_matrix": [
        [
          0.3591305719541251, -0.2729763095831596, 0.8924736224331935,
          3.751517246871049
        ],
        [
          0.9300303909057367, 0.024855016997657787, -0.36664110533726174,
          -1.3586291394022219
        ],
        [
          0.07790188882091795, 0.9616996218062653, 0.2628024603799298,
          1.243316680008789
        ],
        [0.0, 0.0, 0.0, 1.0]
      ]
    },
    {
      "file_path": "./images/0055.jpg",
      "sharpness": 65.65398025566185,
      "transform_matrix": [
        [
          0.49952549434371224, -0.2533305658748085, 0.8284309898470624,
          3.6806938636101054
        ],
        [
          0.8632370552981122, 0.06522554630154956, -0.5005670928767378,
          -2.0083073062325485
        ],
        [
          0.07277408101086377, 0.9651783527147259, 0.2512661549628945,
          1.2003672671593326
        ],
        [0.0, 0.0, 0.0, 1.0]
      ]
    },
    {
      "file_path": "./images/0054.jpg",
      "sharpness": 55.85192314761131,
      "transform_matrix": [
        [
          0.4248366438309106, -0.26103811012839084, 0.8668177035362455,
          3.7191431378055664
        ],
        [
          0.9021259677547484, 0.042343803978467834, -0.4293899632832053,
          -1.617457555735817
        ],
        [
          0.07538278559994258, 0.9643993505654989, 0.25347845728969143,
          1.2120706538045938
        ],
        [0.0, 0.0, 0.0, 1.0]
      ]
    },
    {
      "file_path": "./images/0051.jpg",
      "sharpness": 66.49329691963815,
      "transform_matrix": [
        [
          0.24484384719398217, -0.2658748376993409, 0.9323958715129337,
          3.9501044473853755
        ],
        [
          0.9672951313147765, 0.001254809680434917, -0.25365045710299,
          -0.8324582534465156
        ],
        [
          0.06626929474904912, 0.9640067407320668, 0.2574866684753328,
          1.2073099205463753
        ],
        [0.0, 0.0, 0.0, 1.0]
      ]
    },
    {
      "file_path": "./images/0056.jpg",
      "sharpness": 72.47320055235815,
      "transform_matrix": [
        [
          0.579763275728401, -0.23843848177935892, 0.77911593140443,
          3.589609175595282
        ],
        [
          0.8119157708246868, 0.08888728407165963, -0.5769677909707606,
          -2.2758570870227817
        ],
        [
          0.06831782499515739, 0.9670812484910092, 0.2451255467121426,
          1.1823295571625292
        ],
        [0.0, 0.0, 0.0, 1.0]
      ]
    },
    {
      "file_path": "./images/0058.jpg",
      "sharpness": 76.73439608052892,
      "transform_matrix": [
        [
          0.7008268171994416, -0.20803094359128263, 0.6823231630594004,
          3.202028848165936
        ],
        [
          0.7109421210792171, 0.1254750502626881, -0.6919662652457271,
          -2.7072082015699515
        ],
        [
          0.058335861912129826, 0.9700407920884783, 0.23583424040043724,
          1.0898246633679125
        ],
        [0.0, 0.0, 0.0, 1.0]
      ]
    },
    {
      "file_path": "./images/0060.jpg",
      "sharpness": 41.98933734323426,
      "transform_matrix": [
        [
          0.7966961016325359, -0.20028391478505983, 0.5702294934205487,
          2.5975749421294974
        ],
        [
          0.6019956163137907, 0.17924568414183947, -0.7781209820180046,
          -3.110280152818169
        ],
        [
          0.053633940788940265, 0.9632016083042285, 0.26337437650903134,
          1.094681345594531
        ],
        [0.0, 0.0, 0.0, 1.0]
      ]
    },
    {
      "file_path": "./images/0057.jpg",
      "sharpness": 96.33944250397838,
      "transform_matrix": [
        [
          0.6525615761531995, -0.22068450400870382, 0.7248873975064323,
          3.4380135009829083
        ],
        [
          0.7551765223636101, 0.11085319683434615, -0.646080481692157,
          -2.470587911102416
        ],
        [
          0.06222386529342067, 0.9690252414089682, 0.23899429312467302,
          1.1404454047056443
        ],
        [0.0, 0.0, 0.0, 1.0]
      ]
    },
    {
      "file_path": "./images/0059.jpg",
      "sharpness": 94.06650024120444,
      "transform_matrix": [
        [
          0.739183306859098, -0.21953679631603779, 0.6367194311224555,
          2.9070812504249464
        ],
        [
          0.6703150377071301, 0.14791163141683378, -0.7271862894172717,
          -2.9848550557943825
        ],
        [
          0.06546593849149426, 0.9643265755957671, 0.2564926247343067,
          1.0936066240861333
        ],
        [0.0, 0.0, 0.0, 1.0]
      ]
    },
    {
      "file_path": "./images/0065.jpg",
      "sharpness": 38.600765330203956,
      "transform_matrix": [
        [
          0.936893677996061, -0.12416976870769791, 0.3268212121555978,
          1.4038265701715527
        ],
        [
          0.34803256087200857, 0.24241917599878748, -0.9055971950498196,
          -3.817174688285796
        ],
        [
          0.03322006530199116, 0.9621927102669484, 0.2703361160045035,
          1.1571257755320645
        ],
        [0.0, 0.0, 0.0, 1.0]
      ]
    },
    {
      "file_path": "./images/0062.jpg",
      "sharpness": 69.1329793574246,
      "transform_matrix": [
        [
          0.8786643787922432, -0.15790853244523603, 0.4505705326221379,
          2.166635164798042
        ],
        [
          0.4761661195159624, 0.22094257881272966, -0.851146405440246,
          -3.4204694080604283
        ],
        [
          0.034853064364546736, 0.9624184496843283, 0.269325066894152,
          1.0759699197557449
        ],
        [0.0, 0.0, 0.0, 1.0]
      ]
    },
    {
      "file_path": "./images/0061.jpg",
      "sharpness": 66.74937108053169,
      "transform_matrix": [
        [
          0.8568248809334096, -0.17001157462111816, 0.4867722136205607,
          2.3675764626523743
        ],
        [
          0.5140748084140802, 0.20894203288041654, -0.8319076380530391,
          -3.177621000988765
        ],
        [
          0.039726751621152134, 0.9630364953806767, 0.26642540009627497,
          1.0750783504449832
        ],
        [0.0, 0.0, 0.0, 1.0]
      ]
    },
    {
      "file_path": "./images/0064.jpg",
      "sharpness": 67.79809893049122,
      "transform_matrix": [
        [
          0.9232681786822586, -0.1343701720604912, 0.35988960409817783,
          1.6703920512852695
        ],
        [
          0.3824655025574555, 0.23372712052347613, -0.8939193322031007,
          -3.7862734461266383
        ],
        [
          0.036000133604129216, 0.9629726320286311, 0.2671847682602062,
          1.050300241309953
        ],
        [0.0, 0.0, 0.0, 1.0]
      ]
    },
    {
      "file_path": "./images/0063.jpg",
      "sharpness": 71.48635223532858,
      "transform_matrix": [
        [
          0.89905454552259, -0.14766184519546852, 0.4121855209652605,
          1.9093186313291193
        ],
        [
          0.43645378087406045, 0.22748865252511202, -0.8704923952190545,
          -3.664177234357118
        ],
        [
          0.03477098455192022, 0.9625200738113704, 0.2689722777339136,
          1.061337852379001
        ],
        [0.0, 0.0, 0.0, 1.0]
      ]
    },
    {
      "file_path": "./images/0066.jpg",
      "sharpness": 47.73171730163851,
      "transform_matrix": [
        [
          0.9469986167906634, -0.10895348063408503, 0.3021965567293127,
          1.2084004912265955
        ],
        [
          0.32096344416727046, 0.2820575205397928, -0.9041161554890986,
          -3.7819083472369672
        ],
        [
          0.01326979053131223, 0.953190796329599, 0.30207816620491595,
          1.5043383776504728
        ],
        [0.0, 0.0, 0.0, 1.0]
      ]
    },
    {
      "file_path": "./images/0067.jpg",
      "sharpness": 33.353858506021396,
      "transform_matrix": [
        [
          0.9583767354232685, -0.10235296932193194, 0.2665293655775775,
          1.1018263390954584
        ],
        [
          0.28484650436285697, 0.4062246430453205, -0.8682419065768037,
          -3.6986551147564066
        ],
        [
          -0.01940365916497579, 0.9080228020775746, 0.4184711327727682,
          1.7982263218730916
        ],
        [0.0, 0.0, 0.0, 1.0]
      ]
    },
    {
      "file_path": "./images/0069.jpg",
      "sharpness": 25.72979359558599,
      "transform_matrix": [
        [
          0.9695461902633188, -0.08818549484643654, 0.2284808602253973,
          1.089472284192266
        ],
        [
          0.2352524732849911, 0.5947244195306532, -0.7687386673170424,
          -3.454519901794134
        ],
        [
          -0.06809154718647001, 0.7990783336716467, 0.5973586509829938,
          2.576371001582382
        ],
        [0.0, 0.0, 0.0, 1.0]
      ]
    },
    {
      "file_path": "./images/0070.jpg",
      "sharpness": 17.085079023188012,
      "transform_matrix": [
        [
          0.9716686643071468, -0.08884912645098801, 0.21901104898435064,
          1.110280845483202
        ],
        [
          0.21973084714226343, 0.68090799305887, -0.6986291289402736,
          -3.2823087674371485
        ],
        [
          -0.0870537860020939, 0.7269595158903085, 0.6811398539544979,
          2.880030016024707
        ],
        [0.0, 0.0, 0.0, 1.0]
      ]
    },
    {
      "file_path": "./images/0068.jpg",
      "sharpness": 41.58778307220755,
      "transform_matrix": [
        [
          0.9641569921718537, -0.10235375346000854, 0.2447958407398622,
          1.0359356952414138
        ],
        [
          0.26206579319007056, 0.5116763564172088, -0.8182351901039386,
          -3.565542108002295
        ],
        [
          -0.04150680093565817, 0.853059795952901, 0.5201597543551477,
          2.2486852454919353
        ],
        [0.0, 0.0, 0.0, 1.0]
      ]
    },
    {
      "file_path": "./images/0073.jpg",
      "sharpness": 15.917126731682094,
      "transform_matrix": [
        [
          0.9507239829614499, -0.07585524085455428, 0.30061585237904226,
          1.232187177354593
        ],
        [
          0.2240991410747317, 0.8381753265187538, -0.49723404648707237,
          -3.0304885010294993
        ],
        [
          -0.21425098186715577, 0.54010008745182, 0.8138724791694465,
          3.43951184934499
        ],
        [0.0, 0.0, 0.0, 1.0]
      ]
    },
    {
      "file_path": "./images/0074.jpg",
      "sharpness": 20.78216579723223,
      "transform_matrix": [
        [
          0.9466599971494203, -0.045281902255351975, 0.31903667370689676,
          1.260607332130417
        ],
        [
          0.2107614161778639, 0.8359435924798522, -0.5067326076381314,
          -3.003018399168918
        ],
        [
          -0.2437508467426961, 0.5469441100653724, 0.8008980367206188,
          3.6396047358326427
        ],
        [0.0, 0.0, 0.0, 1.0]
      ]
    },
    {
      "file_path": "./images/0071.jpg",
      "sharpness": 22.01269316058493,
      "transform_matrix": [
        [
          0.9667403057557401, -0.10702330310851448, 0.23229118335357696,
          1.139888997111059
        ],
        [
          0.2297908717963405, 0.7622210332041615, -0.6051572124509615,
          -3.121427609841302
        ],
        [
          -0.11229130200353761, 0.6384082621285562, 0.7614627728170772,
          3.1018749456806822
        ],
        [0.0, 0.0, 0.0, 1.0]
      ]
    },
    {
      "file_path": "./images/0072.jpg",
