{
    "fl_x": 1075.373865110335,
    "fl_y": 1074.100881431808,
    "cx": 1504.0,
    "cy": 1000.0,
    "w": 3008,
    "h": 2000,
    "camera_model": "OPENCV_FISHEYE",
    "k1": 0.030564568846507482,
    "k2": 0.005990318134193332,
    "k3": 0.0003923703148722655,
    "k4": 0.00010457738439349965,
    "frames": [
        {
            "file_path": "./images/frame_00001.JPG",
            "transform_matrix": [
                [
                    -0.7717465494155726,
                    -0.46864625942607785,
                    -0.4298580544681026,
                    -0.3737750270071581
                ],
                [
                    -0.3076851105973082,
                    -0.31639140248036934,
                    0.8973440550609484,
                    3.059921468597825
                ],
                [
                    -0.5565403275431876,
                    0.8247831011620266,
                    0.09997849696645142,
                    -1.9048168884800156
                ],
                [
                    0.0,
                    0.0,
                    0.0,
                    1.0
                ]
            ]
        },
        {
            "file_path": "./images/frame_00004.JPG",
            "transform_matrix": [
                [
                    -0.7463967319968333,
                    -0.4598704187386252,
                    -0.48105209326392995,
                    -0.8530942101862478
                ],
                [
                    -0.391027924496674,
                    -0.28185413634132334,
                    0.8761594649897414,
                    2.9434241275074395
                ],
                [
                    -0.5385063423287327,
                    0.8420673629802122,
                    0.030552830888172757,
                    -1.1009360410249363
                ],
                [
                    0.0,
                    0.0,
                    0.0,
                    1.0
                ]
            ]
        },
        {
            "file_path": "./images/frame_00003.JPG",
            "transform_matrix": [
                [
                    -0.7387741411983081,
                    -0.4197765573022043,
                    -0.5272574420870807,
                    -0.7096456613921196
                ],
                [
                    -0.3921164005064831,
                    -0.368566803938098,
                    0.8428542219676511,
                    2.986701665372223
                ],
                [
                    -0.5481400338878206,
                    0.8294251943209614,
                    0.10768635138722994,
                    -1.3052904525557856
                ],
                [
                    0.0,
                    0.0,
                    0.0,
                    1.0
                ]
            ]
        },
        {
            "file_path": "./images/frame_00005.JPG",
            "transform_matrix": [
                [
                    -0.7589230993668206,
                    -0.48783447296859433,
                    -0.43133891110229405,
                    -0.7781692719992613
                ],
                [
                    -0.3897533575623486,
                    -0.19034684126258777,
                    0.901032962932118,
                    2.887416456383085
                ],
                [
                    -0.5216589398412865,
                    0.8519305177095191,
                    -0.04567650904848118,
                    -1.4679638139357574
                ],
                [
                    0.0,
                    0.0,
                    0.0,
                    1.0
                ]
            ]
        },
        {
            "file_path": "./images/frame_00002.JPG",
            "transform_matrix": [
                [
                    -0.7621662994754637,
                    -0.4430899830966734,
                    -0.47198919354500846,
                    -0.4309754847094487
                ],
                [
                    -0.3435484659115253,
                    -0.34111842368165596,
                    0.8749929557400905,
                    3.021143785812953
                ],
                [
                    -0.5487048236654344,
                    0.8290413065127284,
                    0.10776608270672526,
                    -1.780280585908205
                ],
                [
                    0.0,
                    0.0,
                    0.0,
                    1.0
                ]
            ]
        },
        {
            "file_path": "./images/frame_00006.JPG",
            "transform_matrix": [
                [
                    -0.7344601617751719,
                    -0.4206946008468098,
                    -0.532526359519913,
                    -0.8522724385366536
                ],
                [
                    -0.5079783209197853,
                    -0.17955109956330165,
                    0.8424484720866464,
                    2.7684733246408935
                ],
                [
                    -0.45002921709673893,
                    0.8892566870504561,
                    -0.08183060732600911,
                    -2.0676831332719687
                ],
                [
                    0.0,
                    0.0,
                    0.0,
                    1.0
                ]
            ]
        },
        {
            "file_path": "./images/frame_00009.JPG",
            "transform_matrix": [
                [
                    -0.6587705302257613,
                    -0.17270965047192416,
                    -0.7322518454329328,
                    -1.9635992214710623
                ],
                [
                    -0.7388076745427586,
                    -0.035288917129611165,
                    0.6729917624789632,
                    1.6196140119990896
                ],
                [
                    -0.14207254675971356,
                    0.9843404233097844,
                    -0.10435191658768818,
                    -3.0790702946519333
                ],
                [
                    0.0,
                    0.0,
                    0.0,
                    1.0
                ]
            ]
        },
        {
            "file_path": "./images/frame_00007.JPG",
            "transform_matrix": [
                [
                    -0.6755027817473743,
                    -0.29460531177147525,
                    -0.675946523127082,
                    -1.3060435778973025
                ],
                [
                    -0.6659384088137141,
                    -0.14983375580805786,
                    0.7308049543394662,
                    2.5458972481286755
                ],
                [
                    -0.316578627702846,
                    0.943799531625484,
                    -0.09497587370116435,
                    -2.644974248593677
                ],
                [
                    0.0,
                    0.0,
                    0.0,
                    1.0
                ]
            ]
        },
        {
            "file_path": "./images/frame_00008.JPG",
            "transform_matrix": [
                [
                    -0.6472267703670181,
                    -0.21468215203887595,
                    -0.7314431497500237,
                    -1.692248564594235
                ],
                [
                    -0.7289167252109264,
                    -0.10654059978680407,
                    0.676261420091998,
                    2.139360148615593
                ],
                [
                    -0.22310964889053295,
                    0.9708556402437104,
                    -0.08752948291243305,
                    -2.939272380752893
                ],
                [
                    0.0,
                    0.0,
                    0.0,
                    1.0
                ]
            ]
        },
        {
            "file_path": "./images/frame_00010.JPG",
            "transform_matrix": [
                [
                    -0.6256912994241857,
                    -0.13183791476145623,
                    -0.7688492453376182,
                    -2.1849148973086727
                ],
                [
                    -0.7777359349581755,
                    0.029229639696899495,
                    0.6279111749586259,
                    1.1806579288019066
                ],
                [
                    -0.060309313539509586,
                    0.99084024564737,
                    -0.12082381514359145,
                    -3.3502453723724908
                ],
                [
                    0.0,
                    0.0,
                    0.0,
                    1.0
                ]
            ]
        },
        {
            "file_path": "./images/frame_00011.JPG",
            "transform_matrix": [
                [
                    -0.6395639078440557,
                    -0.23372224121068966,
                    -0.7323468589040938,
                    -1.9644723614967927
                ],
                [
                    -0.7556302440452148,
                    0.015960041492621358,
                    0.654803948796678,
                    1.005146181180556
                ],
                [
                    -0.1413539602112691,
                    0.9721724080835693,
                    -0.18681506067120232,
                    -3.7227368871722044
                ],
                [
                    0.0,
                    0.0,
                    0.0,
                    1.0
                ]
            ]
        },
        {
            "file_path": "./images/frame_00012.JPG",
            "transform_matrix": [
                [
                    -0.6800531371673316,
                    -0.28539049172471964,
                    -0.675336951352429,
                    -1.4415372689298287
                ],
                [
                    -0.6897096949227045,
                    -0.06337376340487216,
                    0.7213073567083127,
                    1.1112155776318495
                ],
                [
                    -0.24865290538921941,
                    0.9563137734786767,
                    -0.1537390623637132,
                    -3.9673275612997974
                ],
                [
                    0.0,
                    0.0,
                    0.0,
                    1.0
                ]
            ]
        },
        {
            "file_path": "./images/frame_00013.JPG",
            "transform_matrix": [
                [
                    -0.7233477892355324,
                    -0.27389379110795553,
                    -0.6338376503495032,
                    -0.9327441921910081
                ],
                [
                    -0.6370989762397357,
                    -0.08917891775864874,
                    0.765605652475004,
                    1.5313320005861557
                ],
                [
                    -0.26621959034291215,
                    0.9576164742838899,
                    -0.10999008090616254,
                    -3.996234916786805
                ],
                [
                    0.0,
                    0.0,
                    0.0,
                    1.0
                ]
            ]
        },
        {
            "file_path": "./images/frame_00015.JPG",
            "transform_matrix": [
                [
                    -0.8082113533065292,
                    -0.37200333936064856,
                    -0.45651716713717827,
                    0.14715175576767114
                ],
                [
                    -0.4007336812749848,
                    -0.2206246784330573,
                    0.8892340906409901,
                    2.8262357521372787
                ],
                [
                    -0.431517004390588,
                    0.9016308927553647,
                    0.029237102300619166,
                    -3.5133654891569144
                ],
                [
                    0.0,
                    0.0,
                    0.0,
                    1.0
                ]
            ]
        },
        {
            "file_path": "./images/frame_00014.JPG",
            "transform_matrix": [
                [
                    -0.7787736015435686,
                    -0.29232570772711786,
                    -0.5550291507125535,
                    -0.3573468381722507
                ],
                [
                    -0.5430054770842566,
                    -0.12887701548916544,
                    0.8297805533604072,
                    2.197801867827882
                ],
                [
                    -0.3140966879726005,
                    0.9475950588096397,
                    -0.058368442879672564,
                    -3.841738670042545
                ],
                [
                    0.0,
                    0.0,
                    0.0,
                    1.0
                ]
            ]
        },
        {
            "file_path": "./images/frame_00016.JPG",
            "transform_matrix": [
                [
                    -0.829916720196297,
                    -0.4083266011186074,
                    -0.38014158462018716,
                    0.581616227044029
                ],
                [
                    -0.29082119680934787,
                    -0.26484150616721686,
                    0.9193921949295948,
                    3.1424998353759603
                ],
                [
                    -0.47608955987818036,
                    0.8735721855862889,
                    0.10104636334373746,
                    -3.1161026735999404
                ],
                [
                    0.0,
                    0.0,
                    0.0,
                    1.0
                ]
            ]
        },
        {
            "file_path": "./images/frame_00017.JPG",
            "transform_matrix": [
                [
                    -0.8497416404966404,
                    -0.4435924977200038,
                    -0.2848944372440542,
                    1.0798023853215615
                ],
                [
                    -0.13439326603953,
                    -0.34027579902876454,
                    0.9306722466252896,
                    3.147818884823523
                ],
                [
                    -0.5097819087112702,
                    0.82911885550979,
                    0.22953067112878364,
                    -2.7084197224327786
                ],
                [
                    0.0,
                    0.0,
                    0.0,
                    1.0
                ]
            ]
        },
        {
            "file_path": "./images/frame_00018.JPG",
            "transform_matrix": [
                [
                    -0.8232098921203497,
                    -0.5438215497066394,
                    -0.16304476560095651,
                    1.4075228027419309
                ],
                [
                    0.03454892400519694,
                    -0.33463645583690016,
                    0.9417137645139317,
                    3.071837270484444
                ],
                [
                    -0.566684961301502,
                    0.7695950652775697,
                    0.2942644901022341,
                    -2.201200245684082
                ],
                [
                    0.0,
                    0.0,
                    0.0,
                    1.0
                ]
            ]
        },
        {
            "file_path": "./images/frame_00019.JPG",
            "transform_matrix": [
                [
                    -0.7796105286434347,
                    -0.5966601689634053,
                    -0.19027366186854325,
                    1.6069666926927832
                ],
                [
                    0.14305148506735937,
                    -0.4654515267169573,
                    0.8734364023195258,
                    2.9212675611866006
                ],
                [
                    -0.6097078777974968,
                    0.6537212854492456,
                    0.44822403405245764,
                    -1.646490555518484
                ],
                [
                    0.0,
                    0.0,
                    0.0,
                    1.0
                ]
            ]
        },
        {
            "file_path": "./images/frame_00020.JPG",
            "transform_matrix": [
                [
                    -0.7645997120745185,
                    -0.6277405964420566,
                    -0.14604459549786325,
                    1.7579290122972726
                ],
                [
                    0.24742894950590963,
                    -0.4951340899341954,
                    0.8328392089301739,
                    2.591169318877782
                ],
                [
                    -0.5951186396358001,
                    0.600652958507329,
                    0.5339005789418358,
                    -0.9767701990371133
                ],
                [
                    0.0,
                    0.0,
                    0.0,
                    1.0
                ]
            ]
        },
        {
            "file_path": "./images/frame_00022.JPG",
            "transform_matrix": [
                [
                    -0.6022875976180797,
                    -0.7913987893199119,
                    -0.10458301018052449,
                    1.9677043045671179
                ],
                [
                    0.4871672803760102,
                    -0.46817667755208153,
                    0.7372100375926364,
                    1.6664905786764144
                ],
                [
                    -0.6323904574600127,
                    0.3930630418384205,
                    0.6675206022695059,
                    0.03273745560608672
                ],
                [
                    0.0,
                    0.0,
                    0.0,
                    1.0
                ]
            ]
        },
        {
            "file_path": "./images/frame_00023.JPG",
            "transform_matrix": [
                [
                    -0.5183213807220686,
                    -0.8512449807761152,
                    -0.08200566437655107,
                    2.037663099238093
                ],
                [
                    0.5877246399905173,
                    -0.4242320020165587,
                    0.6889172345159027,
                    1.1363578015182227
                ],
                [
                    -0.6212267652269864,
                    0.30888378262462013,
                    0.7201861669020874,
                    0.44296735301389645
                ],
                [
                    0.0,
                    0.0,
                    0.0,
                    1.0
                ]
            ]
        },
        {
            "file_path": "./images/frame_00021.JPG",
            "transform_matrix": [
                [
                    -0.6955637511876201,
                    -0.7106507798353892,
                    -0.10567183708613966,
                    1.8465628623131833
                ],
                [
                    0.36331845058381695,
                    -0.4748010829107822,
                    0.8016006706160634,
                    2.1660716907345114
                ],
                [
                    -0.6198312443715475,
                    0.5191718412877394,
                    0.5884469625333429,
                    -0.39745903547456835
                ],
                [
                    0.0,
                    0.0,
                    0.0,
                    1.0
                ]
            ]
        },
        {
            "file_path": "./images/frame_00024.JPG",
            "transform_matrix": [
                [
                    -0.40151149263198194,
                    -0.9154417752412045,
                    -0.02747503280561358,
                    2.2134340875003122
                ],
                [
                    0.716804653355327,
                    -0.33277957517866197,
                    0.6127388050972934,
                    0.6372930400878313
                ],
                [
                    -0.5700698292425127,
                    0.22632744086199721,
                    0.7898077483161784,
                    0.7514579959627725
                ],
                [
                    0.0,
                    0.0,
                    0.0,
                    1.0
                ]
            ]
        },
        {
            "file_path": "./images/frame_00025.JPG",
            "transform_matrix": [
                [
                    -0.24423284716586155,
                    -0.9678249999399298,
                    0.060539952564664753,
                    2.4550195292274384
                ],
                [
                    0.8333757541399119,
                    -0.17756374945133038,
                    0.5234080313603512,
                    0.18619245400641493
                ],
                [
                    -0.49581767695090295,
                    0.17828596235278907,
                    0.8499287892823433,
                    1.1310565585428087
                ],
                [
                    0.0,
                    0.0,
                    0.0,
                    1.0
                ]
            ]
        },
        {
            "file_path": "./images/frame_00027.JPG",
            "transform_matrix": [
                [
                    -0.0004437139416454844,
                    -0.9928541796430239,
                    0.11933306785344873,
                    2.7356239148750423
                ],
                [
                    0.9512760929317221,
                    0.036376095280966775,
                    0.3061871563417837,
                    -0.4359452200056053
                ],
                [
                    -0.308340068973359,
                    0.11365455405520643,
                    0.9444623042811271,
                    1.67661548966676
                ],
                [
                    0.0,
                    0.0,
                    0.0,
                    1.0
                ]
            ]
        },
        {
            "file_path": "./images/frame_00026.JPG",
            "transform_matrix": [
                [
                    -0.12884944725149086,
                    -0.9877030824355236,
                    0.0885462641241861,
                    2.6209835126226584
                ],
                [
                    0.9096346097068739,
                    -0.08215988797622832,
                    0.40720342536766163,
                    -0.08999408504536151
                ],
                [
                    -0.3949211272727865,
                    0.1330126826851427,
                    0.9090351640494956,
                    1.4568987114093068
                ],
                [
                    0.0,
                    0.0,
                    0.0,
                    1.0
                ]
            ]
        },
        {
            "file_path": "./images/frame_00028.JPG",
            "transform_matrix": [
                [
                    0.09055963991731425,
                    -0.9878803870772421,
                    0.12606066970377583,
                    2.86384505723105
                ],
                [
                    0.9691557460912993,
                    0.11655260886494892,
                    0.21714656153158735,
                    -0.7006825698724298
                ],
                [
                    -0.22920752918755444,
                    0.10250770797794821,
                    0.9679649158770394,
                    1.9705095347510528
                ],
                [
                    0.0,
                    0.0,
                    0.0,
                    1.0
                ]
            ]
        },
        {
            "file_path": "./images/frame_00029.JPG",
            "transform_matrix": [
                [
                    0.21874647846448916,
                    -0.9720132611565284,
                    0.08567495722342218,
                    2.9546247947051976
                ],
                [
                    0.9610588219849127,
                    0.2298086136969267,
                    0.1534729349288295,
                    -0.9538966597120924
                ],
                [
                    -0.16886657112749334,
                    0.04876700940745877,
                    0.9844317446878152,
                    2.295127142693563
                ],
                [
                    0.0,
                    0.0,
                    0.0,
                    1.0
                ]
            ]
        },
        {
            "file_path": "./images/frame_00031.JPG",
            "transform_matrix": [
                [
                    0.4437515781153291,
                    -0.8955585843139453,
                    0.03254779534402773,
                    2.7782831458434263
                ],
                [
                    0.8960827304395279,
                    0.44387007255104555,
                    -0.0038857305066046545,
                    -1.4575053332188201
                ],
                [
                    -0.010967092969209797,
                    0.03088981636610001,
                    0.9994626266732906,
                    2.4820158056548887
                ],
                [
                    0.0,
                    0.0,
                    0.0,
                    1.0
                ]
            ]
        },
        {
            "file_path": "./images/frame_00030.JPG",
            "transform_matrix": [
                [
                    0.3591943454202267,
                    -0.9329574883913517,
                    0.02386937520412711,
                    2.975168159939133
                ],
                [
                    0.9301165264356355,
                    0.35996467205357946,
                    0.07286070356966651,
                    -1.23624546813503
                ],
                [
                    -0.07656807082226032,
                    -0.003969852372511946,
                    0.997056453167371,
                    2.5382986824429743
                ],
                [
                    0.0,
                    0.0,
                    0.0,
                    1.0
                ]
            ]
        },
        {
            "file_path": "./images/frame_00032.JPG",
            "transform_matrix": [
                [
                    0.5104174809276633,
                    -0.8592946719042451,
                    -0.03296455673044417,
                    2.4110086001879316
                ],
                [
                    0.8565195758698624,
                    0.5114305153336259,
                    -0.06937610638608206,
                    -1.7689426411473061
                ],
                [
                    0.07647359881141799,
                    0.007175989308655512,
                    0.9970457832327825,
                    2.0816909061623274
                ],
                [
                    0.0,
                    0.0,
                    0.0,
                    1.0
                ]
            ]
        },
        {
            "file_path": "./images/frame_00033.JPG",
            "transform_matrix": [
                [
                    0.6179133306856563,
                    -0.7794552174909054,
                    -0.10311488586602875,
                    1.8907378832071755
                ],
                [
                    0.7619796322734801,
                    0.6260012901431738,
                    -0.1658596537421144,
                    -1.9599268219457648
                ],
                [
                    0.19383022406562617,
                    0.02391544825604115,
                    0.9807435422032518,
                    1.6700026969466666
                ],
                [
                    0.0,
                    0.0,
                    0.0,
                    1.0
                ]
            ]
        },
        {
            "file_path": "./images/frame_00034.JPG",
            "transform_matrix": [
                [
                    0.6897316867334986,
                    -0.6930018970004856,
                    -0.2098060320140748,
                    1.506505786012565
                ],
                [
                    0.6437010560695452,
                    0.7195505243717789,
                    -0.260568596134013,
                    -2.110301463546625
                ],
                [
                    0.33154057177171425,
                    0.044670052944071975,
                    0.9423828498223312,
                    1.3245808420960137
                ],
                [
                    0.0,
                    0.0,
                    0.0,
                    1.0
                ]
            ]
        },
        {
            "file_path": "./images/frame_00035.JPG",
            "transform_matrix": [
                [
                    0.7504190326655992,
                    -0.559805263423251,
                    -0.35141050419253395,
                    1.078802702783777
                ],
                [
                    0.42752688707734166,
                    0.81657128575424,
                    -0.3878557671449855,
                    -2.3218512685335937
                ],
                [
                    0.5040754271328689,
                    0.14081691065100077,
                    0.8521024359990551,
                    0.9436504736961591
                ],
                [
                    0.0,
                    0.0,
                    0.0,
                    1.0
                ]
            ]
        },
        {
            "file_path": "./images/frame_00036.JPG",
            "transform_matrix": [
                [
                    0.7587997442214384,
                    -0.4359375544437569,
                    -0.48392292443639817,
                    0.6457966756936385
                ],
                [
                    0.2047896868407295,
                    0.8649875591126361,
                    -0.4581022885164832,
                    -2.6938652115857216
                ],
                [
                    0.6182913005478528,
                    0.24850547520318322,
                    0.7456278538660456,
                    0.7421409920890972
                ],
                [
                    0.0,
                    0.0,
                    0.0,
                    1.0
                ]
            ]
        },
        {
            "file_path": "./images/frame_00037.JPG",
            "transform_matrix": [
                [
                    0.734321766660962,
                    -0.4068451224601244,
                    -0.5433678214049209,
                    0.2617692573831152
                ],
                [
                    0.05525615997577161,
                    0.8336515753378912,
                    -0.5495196154109366,
                    -3.005891351166926
                ],
                [
                    0.6765488155282333,
                    0.3734997955381747,
                    0.6346491967538336,
                    0.4724603098633787
                ],
                [
                    0.0,
                    0.0,
                    0.0,
                    1.0
                ]
            ]
        },
        {
            "file_path": "./images/frame_00038.JPG",
            "transform_matrix": [
                [
                    0.7369072538126547,
                    -0.3538622830538732,
                    -0.5759767216738818,
                    -0.17356766024087655
                ],
                [
                    -0.07335039850252581,
                    0.8051569123970298,
                    -0.5885083393281713,
                    -3.3002344182795667
                ],
                [
                    0.6720025433864162,
                    0.4759241862431264,
                    0.5673700297257563,
                    0.24897862435647616
                ],
                [
                    0.0,
                    0.0,
                    0.0,
                    1.0
                ]
            ]
        },
        {
            "file_path": "./images/frame_00039.JPG",
            "transform_matrix": [
                [
                    0.697488678226826,
                    -0.3188416593343867,
                    -0.6417550467415818,
                    -0.5134647294289885
                ],
                [
                    -0.21679226495525825,
                    0.7597069639488484,
                    -0.6130631637793873,
                    -3.652551499424999
                ],
                [
                    0.6830158545751072,
                    0.5667321459036163,
                    0.4607646006352029,
                    0.22077732519035423
                ],
                [
                    0.0,
                    0.0,
                    0.0,
                    1.0
                ]
            ]
        },
        {
            "file_path": "./images/frame_00041.JPG",
            "transform_matrix": [
                [
                    0.5607854053456333,
                    -0.30218021113827936,
                    -0.7708481362419958,
                    -1.3593797198460977
                ],
                [
                    -0.5637604743109587,
                    0.542495281172915,
                    -0.6227945066470983,
                    -4.777650285442494
                ],
                [
                    0.6063776519265999,
                    0.7838277807666328,
                    0.13386617699194456,
                    0.16101195794972234
                ],
                [
                    0.0,
                    0.0,
                    0.0,
                    1.0
                ]
            ]
        },
        {
            "file_path": "./images/frame_00040.JPG",
            "transform_matrix": [
                [
                    0.6595636987837566,
                    -0.3026022769544168,
                    -0.6880462115502799,
                    -0.9188092584930229
                ],
                [
                    -0.3991825572399343,
                    0.6346091867429695,
                    -0.6617586161863052,
                    -4.151566302130931
                ],
                [
                    0.636890110805684,
                    0.7111280068197493,
                    0.29777163174905363,
                    0.18083618674912694
                ],
                [
                    0.0,
                    0.0,
                    0.0,
                    1.0
                ]
            ]
        },
        {
            "file_path": "./images/frame_00042.JPG",
            "transform_matrix": [
                [
                    0.5092144247106147,
                    -0.32083472895032505,
                    -0.7986023706238351,
                    -1.6452335134571376
                ],
                [
                    -0.6291064435870325,
                    0.4944544961575267,
                    -0.5997831557045284,
                    -5.354327495944465
                ],
                [
                    0.5873037989864476,
                    0.8078241318065326,
                    0.04994416649728323,
                    0.08370867855626088
                ],
                [
                    0.0,
                    0.0,
                    0.0,
                    1.0
                ]
            ]
        },
        {
            "file_path": "./images/frame_00043.JPG",
            "transform_matrix": [
                [
                    0.501733734234091,
                    -0.3005574820372432,
                    -0.8111278936905987,
                    -1.9492093234116483
                ],
                [
                    -0.6334785144545488,
                    0.5108608424873367,
                    -0.5811421266244484,
                    -5.797485494097103
                ],
                [
                    0.5890400934197708,
                    0.8054107024397931,
                    0.06591941094599277,
                    -0.11176660850655482
                ],
                [
                    0.0,
                    0.0,
                    0.0,
                    1.0
                ]
            ]
        },
        {
            "file_path": "./images/frame_00045.JPG",
            "transform_matrix": [
                [
                    0.6023425152549374,
                    -0.33947095806226324,
                    -0.7224562014050709,
                    -2.6135844876739887
                ],
                [
                    -0.5174768622941003,
                    0.5230591797316922,
                    -0.6772198989166381,
                    -5.558729700596163
                ],
                [
                    0.6077838360030707,
                    0.7817727055421534,
                    0.1393924157287399,
                    -0.5909332133081932
                ],
                [
                    0.0,
                    0.0,
                    0.0,
                    1.0
                ]
            ]
        },
        {
            "file_path": "./images/frame_00046.JPG",
            "transform_matrix": [
                [
                    0.6284545417611191,
                    -0.31863410238912515,
                    -0.7095894571754139,
                    -2.664486543106866
                ],
                [
                    -0.48616664061576526,
                    0.5512093318599025,
                    -0.6780931130921043,
                    -5.318410470428311
                ],
                [
                    0.6071959210108409,
                    0.7711294192710043,
                    0.19150073692432681,
                    -0.7565297589232441
                ],
                [
                    0.0,
                    0.0,
                    0.0,
                    1.0
                ]
            ]
        },
        {
            "file_path": "./images/frame_00044.JPG",
            "transform_matrix": [
                [
                    0.5390035547837334,
                    -0.31718849109470326,
                    -0.7802990638515235,
                    -2.3050109071007947
                ],
                [
                    -0.5947052894480251,
                    0.5127264345105469,
                    -0.6192230793959818,
                    -5.833786053376528
                ],
                [
                    0.5964903910651362,
                    0.7978114216224076,
                    0.08772769742671599,
                    -0.30343227696516645
                ],
                [
                    0.0,
                    0.0,
                    0.0,
                    1.0
                ]
            ]
        },
        {
            "file_path": "./images/frame_00047.JPG",
            "transform_matrix": [
                [
                    0.6176637942547764,
                    -0.308257928812119,
                    -0.7235112207777125,
                    -2.2550229279225866
                ],
                [
                    -0.4858936334757845,
                    0.5738054470077524,
                    -0.6592834640213064,
