{
  "fl_x": 1244.612957520541,
  "fl_y": 1267.292996393461,
  "k1": -0.18580361082172506,
  "k2": 0.024384565046658473,
  "p1": 0.0002609531238861652,
  "p2": 0.0008552615149356395,
  "cx": 1504.0,
  "cy": 1000.0,
  "w": 3008,
  "h": 2000,
  "camera_model": "OPENCV",
  "aabb_scale": 16,
  "frames": [
    {
      "file_path": "./images/frame_00001.JPG",
      "transform_matrix": [
        [
          -0.2544960547830532, -0.9423501116179078, -0.2172740786048298,
          -0.9921790806272106
        ],
        [
          -0.8534168845317789, 0.11316725020319059, 0.508795435000669,
          -0.08868310236521414
        ],
        [
          -0.454875124947422, 0.3149117981517445, -0.8330181151024877,
          -4.597533963913
        ],
        [0.0, 0.0, 0.0, 1.0]
      ]
    },
    {
      "file_path": "./images/frame_00004.JPG",
      "transform_matrix": [
        [
          -0.23908118808870138, -0.9469472010671257, -0.21478171219457118,
          -0.848727148051941
        ],
        [
          -0.8461699712779535, 0.09468805154970929, 0.5244335540382461,
          -0.3758848369059542
        ],
        [
          -0.47627362430598785, 0.3071240324117542, -0.8239164177910171,
          -3.811336649180521
        ],
        [0.0, 0.0, 0.0, 1.0]
      ]
    },
    {
      "file_path": "./images/frame_00005.JPG",
      "transform_matrix": [
        [
          -0.24554898434380695, -0.9489520091883336, -0.19797924271284018,
          -0.8194885953721537
        ],
        [
          -0.8327154632906908, 0.10192768469064045, 0.5442386464504111,
          -0.5099398701549425
        ],
        [
          -0.49627679120053064, 0.2984976236941095, -0.8152352514241977,
          -3.481925732635524
        ],
        [0.0, 0.0, 0.0, 1.0]
      ]
    },
    {
      "file_path": "./images/frame_00003.JPG",
      "transform_matrix": [
        [
          -0.23524214753509157, -0.9505618208080687, -0.2027149645317961,
          -0.9137293402121371
        ],
        [
          -0.8569288263674169, 0.10442919931499688, 0.5047450137158265,
          -0.24513092170220696
        ],
        [
          -0.4586219778462861, 0.2924495976274848, -0.8391299746069628,
          -4.100257834428325
        ],
        [0.0, 0.0, 0.0, 1.0]
      ]
    },
    {
      "file_path": "./images/frame_00002.JPG",
      "transform_matrix": [
        [
          -0.25492676246410517, -0.9433192653488629, -0.21251143357770585,
          -0.9332533525391868
        ],
        [
          -0.8544446516222288, 0.11686560315914339, 0.5062279803728926,
          -0.14412031700137357
        ],
        [
          -0.4526993296811227, 0.3106303179342474, -0.8358062709063211,
          -4.3665975962938
        ],
        [0.0, 0.0, 0.0, 1.0]
      ]
    },
    {
      "file_path": "./images/frame_00006.JPG",
      "transform_matrix": [
        [
          -0.23385171574579872, -0.9521647742140562, -0.19671201739762004,
          -0.7727498093266176
        ],
        [
          -0.8431588135067438, 0.09785652692924411, 0.528684513999839,
          -0.6972305389886634
        ],
        [
          -0.48414521607534844, 0.2894932518785913, -0.8257100380085688,
          -3.168677990328884
        ],
        [0.0, 0.0, 0.0, 1.0]
      ]
    },
    {
      "file_path": "./images/frame_00007.JPG",
      "transform_matrix": [
        [
          -0.25559310307078353, -0.9536745041600052, -0.15867295225657135,
          -0.7433578829613406
        ],
        [
          -0.8255987059607127, 0.1299080951474649, 0.5490998666282418,
          -0.9143349573853604
        ],
        [
          -0.5030496420619376, 0.27134632286125704, -0.8205560496949799,
          -2.854212881787021
        ],
        [0.0, 0.0, 0.0, 1.0]
      ]
    },
    {
      "file_path": "./images/frame_00009.JPG",
      "transform_matrix": [
        [
          -0.27451832705344237, -0.9526983265584348, -0.1304054703014307,
          -0.6822061068047024
        ],
        [
          -0.7547336614956204, 0.12944286370852243, 0.6431342357862403,
          -1.2833134351940267
        ],
        [
          -0.595832852666915, 0.27497353255849, -0.754567934698468,
          -2.2358399064656216
        ],
        [0.0, 0.0, 0.0, 1.0]
      ]
    },
    {
      "file_path": "./images/frame_00010.JPG",
      "transform_matrix": [
        [
          -0.250193965523211, -0.9548886657158298, -0.15997067138451648,
          -0.642578723313776
        ],
        [
          -0.7873679521856558, 0.10451807285835049, 0.6075587875398911,
          -1.4878995618993165
        ],
        [
          -0.5634311736909277, 0.2779633222808708, -0.7779985244072406,
          -1.9172493654619713
        ],
        [0.0, 0.0, 0.0, 1.0]
      ]
    },
    {
      "file_path": "./images/frame_00008.JPG",
      "transform_matrix": [
        [
          -0.27839477853842376, -0.9482176742304236, -0.15290385724234806,
          -0.7187678444105099
        ],
        [
          -0.7750493085017252, 0.12776082991328244, 0.6188503371016835,
          -1.1110128539900126
        ],
        [
          -0.5672697036450474, 0.29079273136878037, -0.7704834006709973,
          -2.5562741028140192
        ],
        [0.0, 0.0, 0.0, 1.0]
      ]
    },
    {
      "file_path": "./images/frame_00011.JPG",
      "transform_matrix": [
        [
          -0.26016083487157504, -0.948950618254601, -0.17835095770176101,
          -0.6093527358691322
        ],
        [
          -0.8355071109622042, 0.12865818186415917, 0.5342049604515097,
          -1.704092254295594
        ],
        [
          -0.4839878175434947, 0.2879927019103422, -0.8263268095105378,
          -1.5933836402465098
        ],
        [0.0, 0.0, 0.0, 1.0]
      ]
    },
    {
      "file_path": "./images/frame_00012.JPG",
      "transform_matrix": [
        [
          -0.22983392071719036, -0.9443069295622887, -0.23550115003627214,
          -0.5697532492293556
        ],
        [
          -0.8877558454227484, 0.10425503337327927, 0.4483530382790752,
          -1.8944991199642016
        ],
        [
          -0.39883070068075965, 0.31211425920162467, -0.8622753396668116,
          -1.2660135398244545
        ],
        [0.0, 0.0, 0.0, 1.0]
      ]
    },
    {
      "file_path": "./images/frame_00014.JPG",
      "transform_matrix": [
        [
          -0.20640012385267487, -0.9418003097181347, -0.2653510231531549,
          -0.48414980404037794
        ],
        [
          -0.9255120988606441, 0.09990696015327766, 0.3653025515589735,
          -2.240519676887753
        ],
        [
          -0.3175316421022725, 0.320984074258766, -0.8922683903042162,
          -0.5972844600728626
        ],
        [0.0, 0.0, 0.0, 1.0]
      ]
    },
    {
      "file_path": "./images/frame_00013.JPG",
      "transform_matrix": [
        [
          -0.2268948536181468, -0.9464830170356671, -0.22954002671573567,
          -0.5352206243326008
        ],
        [
          -0.9068064779653342, 0.11933201713675015, 0.40430419390130057,
          -2.0538459000947964
        ],
        [
          -0.355275578842264, 0.2998829240706034, -0.8853527516923179,
          -0.9208286024360423
        ],
        [0.0, 0.0, 0.0, 1.0]
      ]
    },
    {
      "file_path": "./images/frame_00015.JPG",
      "transform_matrix": [
        [
          -0.23350691712457924, -0.9312804543653121, -0.2796269568051562,
          -0.45235767498350876
        ],
        [
          -0.938458848260631, 0.14057809710611116, 0.31548817527025474,
          -2.434206275730018
        ],
        [
          -0.2544985457253244, 0.3360870630226082, -0.9067943406817957,
          -0.27463062809086164
        ],
        [0.0, 0.0, 0.0, 1.0]
      ]
    },
    {
      "file_path": "./images/frame_00016.JPG",
      "transform_matrix": [
        [
          -0.2241737604987593, -0.9203832318133714, -0.3203760785399226,
          -0.408783019990269
        ],
        [
          -0.9583565458456897, 0.14851797767007957, 0.24391625887485924,
          -2.5925059859866093
        ],
        [
          -0.17691482735645, 0.3617141369998738, -0.9153491284509279,
          0.03192554072855157
        ],
        [0.0, 0.0, 0.0, 1.0]
      ]
    },
    {
      "file_path": "./images/frame_00017.JPG",
      "transform_matrix": [
        [
          -0.22849564944661835, -0.9217409766448312, -0.3133421614749612,
          -0.3717448789519901
        ],
        [
          -0.9683208127768331, 0.18187775542003, 0.17110022100098307,
          -2.710945330262429
        ],
        [
          -0.1007201158020661, 0.34251139259476365, -0.9340992475190281,
          0.35523948240171144
        ],
        [0.0, 0.0, 0.0, 1.0]
      ]
    },
    {
      "file_path": "./images/frame_00018.JPG",
      "transform_matrix": [
        [
          -0.18598464110714472, -0.9246269803415449, -0.33237728637306574,
          -0.32352993672353064
        ],
        [
          -0.9825496363597969, 0.17585757965210275, 0.060583197077535525,
          -2.821788261743591
        ],
        [
          0.002434206539662801, 0.33784472602570065, -0.9411987121406095,
          0.6631233017444881
        ],
        [0.0, 0.0, 0.0, 1.0]
      ]
    },
    {
      "file_path": "./images/frame_00019.JPG",
      "transform_matrix": [
        [
          -0.17576574155825436, -0.9200429921631554, -0.35018180516118314,
          -0.30347465755306263
        ],
        [
          -0.9688398894808633, 0.22472789223992873, -0.10414721791823331,
          -2.9117411761119087
        ],
        [
          0.17451553697360564, 0.3209645884219424, -0.9308738154733689,
          0.9635742638962304
        ],
        [0.0, 0.0, 0.0, 1.0]
      ]
    },
    {
      "file_path": "./images/frame_00020.JPG",
      "transform_matrix": [
        [
          -0.15224414616161489, -0.9048994508524845, -0.39746534918957743,
          -0.25372866023128543
        ],
        [
          -0.9402089521922729, 0.2565745013279888, -0.22400145420465925,
          -2.9398673208405333
        ],
        [
          0.30467826666342485, 0.3395975693599201, -0.8898565304068995,
          1.2067908752139258
        ],
        [0.0, 0.0, 0.0, 1.0]
      ]
    },
    {
      "file_path": "./images/frame_00021.JPG",
      "transform_matrix": [
        [
          -0.12618982512366048, -0.9042490857224077, -0.40793347374964156,
          -0.1828540853704126
        ],
        [
          -0.8851805764107047, 0.28827135807525384, -0.3651779994176271,
          -2.941020177934088
        ],
        [
          0.4478074085814924, 0.3150130395454104, -0.83680063918229,
          1.4620748565913901
        ],
        [0.0, 0.0, 0.0, 1.0]
      ]
    },
    {
      "file_path": "./images/frame_00022.JPG",
      "transform_matrix": [
        [
          -0.0521511997709711, -0.9075198094339217, -0.4167589805240756,
          -0.13104727140866168
        ],
        [
          -0.8219263109658839, 0.27603734710550815, -0.49823741564134444,
          -2.9262572127095208
        ],
        [
          0.5672013678619445, 0.3165614924275721, -0.7603100879296336,
          1.697974059976549
        ],
        [0.0, 0.0, 0.0, 1.0]
      ]
    },
    {
      "file_path": "./images/frame_00023.JPG",
      "transform_matrix": [
        [
          -0.014019732376725234, -0.9120728312997837, -0.4097884789850504,
          -0.08760980762609656
        ],
        [
          -0.6886504808048319, 0.30594531660235486, -0.6573872363655671,
          -2.914329041503223
        ],
        [
          0.7249579038753615, 0.27298463995961575, -0.6323886652642977,
          1.9245358816635723
        ],
        [0.0, 0.0, 0.0, 1.0]
      ]
    },
    {
      "file_path": "./images/frame_00024.JPG",
      "transform_matrix": [
        [
          0.05394833538456787, -0.9073165653824184, -0.4169726937005419,
          -0.05404382120045297
        ],
        [
          -0.5102881075050215, 0.33388578298877447, -0.7925442140706833,
          -2.855172871974136
        ],
        [
          0.8583097485454645, 0.25553264781750434, -0.444980270856133,
          2.084989286014391
        ],
        [0.0, 0.0, 0.0, 1.0]
      ]
    },
    {
      "file_path": "./images/frame_00025.JPG",
      "transform_matrix": [
        [
          0.18326833566398937, -0.9451614883710406, -0.270337711100746,
          -0.018283742542070613
        ],
        [
          0.38973645288804404, 0.3223167565504967, -0.862680361279317,
          -2.415774714665337
        ],
        [
          0.902506628470504, 0.05274153341539196, 0.4274343414137385,
          2.8064103285955775
        ],
        [0.0, 0.0, 0.0, 1.0]
      ]
    },
    {
      "file_path": "./images/frame_00026.JPG",
      "transform_matrix": [
        [
          0.2219796851890844, -0.9542653774580049, -0.20025635757270405,
          0.07255534362932439
        ],
        [
          0.5929175613851848, 0.2951508856868935, -0.7492227439682326,
          -2.165553804573608
        ],
        [
          0.7740631658749824, 0.04757671765868307, 0.6313182012047691,
          2.7366988171265407
        ],
        [0.0, 0.0, 0.0, 1.0]
      ]
    },
    {
      "file_path": "./images/frame_00027.JPG",
      "transform_matrix": [
        [
          0.2579970778685247, -0.9604731684703927, -0.10454090328549363,
          0.07545597206982214
        ],
        [
          0.7973607283191645, 0.27277716229417703, -0.5383386375368834,
          -2.095034614837634
        ],
        [
          0.5455761878469716, 0.05553298460537426, 0.8362192959237338,
          2.7281652409570163
        ],
        [0.0, 0.0, 0.0, 1.0]
      ]
    },
    {
      "file_path": "./images/frame_00028.JPG",
      "transform_matrix": [
        [
          0.20813403276449882, -0.9776683560806891, -0.029065614111342744,
          0.12124576769257676
        ],
        [
          0.9430322524784542, 0.20846895870766233, -0.25928915141354464,
          -2.0615018651295776
        ],
        [
          0.2595580767200274, 0.026557085190696713, 0.9653622770937211,
          2.6977142015654603
        ],
        [0.0, 0.0, 0.0, 1.0]
      ]
    },
    {
      "file_path": "./images/frame_00029.JPG",
      "transform_matrix": [
        [
          0.16995989543183077, -0.9850068282110921, 0.029583480564757146,
          0.13603396394259465
        ],
        [
          0.9843528735613365, 0.1711108031022266, 0.04207746871248547,
          -2.063495789971945
        ],
        [
          -0.04650864711363148, 0.021969101921454483, 0.9986762760296374,
          2.7274060832243436
        ],
        [0.0, 0.0, 0.0, 1.0]
      ]
    },
    {
      "file_path": "./images/frame_00030.JPG",
      "transform_matrix": [
        [
          0.13388963258471923, -0.9877099112684756, 0.08063930473626844,
          0.149371532877136
        ],
        [
          0.9486192516462588, 0.1512802654250332, 0.27791328989277114,
          -2.0815270161647623
        ],
        [
          -0.286696846324512, 0.03928628863803989, 0.9572154960261706,
          2.801060616928972
        ],
        [0.0, 0.0, 0.0, 1.0]
      ]
    },
    {
      "file_path": "./images/frame_00031.JPG",
      "transform_matrix": [
        [
          0.07679048347577513, -0.9913750892939582, 0.106201007410254,
          0.18111325297720918
        ],
        [
          0.8692551119435288, 0.1187396654025557, 0.47989211518854163,
          -2.0940650475586224
        ],
        [
          -0.48836336063181496, 0.05546462104337537, 0.8708759405362596,
          2.843782634197742
        ],
        [0.0, 0.0, 0.0, 1.0]
      ]
    },
    {
      "file_path": "./images/frame_00032.JPG",
      "transform_matrix": [
        [
          0.015116862234894914, -0.9971725110343345, 0.0736102147371636,
          0.18623105719198638
        ],
        [
          0.7542680104306484, 0.05970076933458183, 0.6538467607795042,
          -2.1372845216423872
        ],
        [
          -0.6563926027288565, 0.045637718811737116, 0.7530378142593495,
          2.9789907402026246
        ],
        [0.0, 0.0, 0.0, 1.0]
      ]
    },
    {
      "file_path": "./images/frame_00033.JPG",
      "transform_matrix": [
        [
          -0.04450497404132837, -0.9941702914531599, 0.09820763146273069,
          0.20993436931228546
        ],
        [
          0.6105379990044876, 0.05074319590598213, 0.7903597154719132,
          -2.055748654612321
        ],
        [
          -0.7907355177663243, 0.09513442942061492, 0.6047204157969508,
          3.0897770051923255
        ],
        [0.0, 0.0, 0.0, 1.0]
      ]
    },
    {
      "file_path": "./images/frame_00034.JPG",
      "transform_matrix": [
        [
          -0.09286171601007291, -0.9937401120632434, 0.06210709602128328,
          0.25858125410529703
        ],
        [
          0.44655743240815415, 0.014184352754029851, 0.8946425340313222,
          -1.937056835252518
        ],
        [
          -0.8899231209833246, 0.1108124262593396, 0.442444849586722,
          3.2143617714121198
        ],
        [0.0, 0.0, 0.0, 1.0]
      ]
    },
    {
      "file_path": "./images/frame_00035.JPG",
      "transform_matrix": [
        [
          -0.07209937531798799, -0.9972601271048835, 0.016550497439885386,
          0.31305513720429196
        ],
        [
          0.46425302707810934, -0.018868558536237878, 0.8855016117137093,
          -1.7138726370688007
        ],
        [
          -0.8827631658194447, 0.07152773158374529, 0.46434144407635586,
          3.210264884584023
        ],
        [0.0, 0.0, 0.0, 1.0]
      ]
    },
    {
      "file_path": "./images/frame_00036.JPG",
      "transform_matrix": [
        [
          0.004270863718233774, -0.999653160426515, 0.025986892318639446,
          0.34321260026490197
        ],
        [
          0.7398400050420663, 0.020642219696448527, 0.6724661074770675,
          -1.3832224431939346
        ],
        [
          -0.6727692967596363, 0.01635413144388414, 0.7396715593574358,
          3.117021333110993
        ],
        [0.0, 0.0, 0.0, 1.0]
      ]
    },
    {
      "file_path": "./images/frame_00037.JPG",
      "transform_matrix": [
        [
          0.08913010719085221, -0.9946437308758214, -0.05234188209812511,
          0.3718115136109049
        ],
        [
          0.9635555348321896, 0.07279828611353903, 0.2574123944824422,
          -1.0787234473386105
        ],
        [
          -0.25222322511299455, -0.07337750451165635, 0.9648829911161466,
          3.132195083523798
        ],
        [0.0, 0.0, 0.0, 1.0]
      ]
    },
    {
      "file_path": "./images/frame_00038.JPG",
      "transform_matrix": [
        [
          0.1857453207415264, -0.9725542016747011, -0.14013208279160225,
          0.30400519693747274
        ],
        [
          0.9798740221247579, 0.19394871421909876, -0.04723131395385395,
          -0.6572183697701297
        ],
        [
          0.07311345011471314, -0.12853879203432456, 0.9890056634593555,
          3.105584742291009
        ],
        [0.0, 0.0, 0.0, 1.0]
      ]
    },
    {
      "file_path": "./images/frame_00039.JPG",
      "transform_matrix": [
        [
          0.22220337021918102, -0.9615042328717831, -0.16166407279566236,
          0.34390511428460246
        ],
        [
          0.8918857328812285, 0.26743660922689627, -0.364715642011875,
          -0.43441060729849035
        ],
        [
          0.39391052505124985, -0.06314483521923267, 0.9169772232934602,
          3.0071802467691975
        ],
        [0.0, 0.0, 0.0, 1.0]
      ]
    },
    {
      "file_path": "./images/frame_00040.JPG",
      "transform_matrix": [
        [
          0.2303455662623989, -0.9418158666478863, -0.24479336885125325,
          0.45128617347846406
        ],
        [
          0.6976474057821599, 0.3352036598214266, -0.6331876527916058,
          -0.12329774923006065
        ],
        [
          0.6784018111036236, -0.024927490299110552, 0.7342680729261699,
          2.8658075259908973
        ],
        [0.0, 0.0, 0.0, 1.0]
      ]
    },
    {
      "file_path": "./images/frame_00041.JPG",
      "transform_matrix": [
        [
          0.2149868073036663, -0.9329676109180991, -0.2887076543203361,
          0.5534341626860965
        ],
        [
          0.49578051127940254, 0.3589557211919671, -0.7907923082953505,
          0.09401713571618384
        ],
        [
          0.8414168748729196, 0.026874285131500718, 0.539717903610544,
          2.7920369947773076
        ],
        [0.0, 0.0, 0.0, 1.0]
      ]
    },
    {
      "file_path": "./images/frame_00042.JPG",
      "transform_matrix": [
        [
          0.2117576067276614, -0.9092919918549818, -0.35825520169478686,
          0.4780956947012318
        ],
        [
          0.2817021781805581, 0.4077985366765647, -0.8685299282654462,
          0.45661040003998665
        ],
        [
          0.9358432554660538, 0.08299654831890177, 0.34250397686135853,
          2.7211102286926137
        ],
        [0.0, 0.0, 0.0, 1.0]
      ]
    },
    {
      "file_path": "./images/frame_00043.JPG",
      "transform_matrix": [
        [
          0.16528359453703298, -0.9161896682055207, -0.3650723561848742,
          0.5673909489765575
        ],
        [
          0.12344900743866966, 0.3864713665623823, -0.9140023114794685,
          0.7467686797748264
        ],
        [
          0.9784894868823704, 0.10600176744216436, 0.17698008181660546,
          2.574977500573448
        ],
        [0.0, 0.0, 0.0, 1.0]
      ]
    },
    {
      "file_path": "./images/frame_00044.JPG",
      "transform_matrix": [
        [
          0.1591125894213006, -0.9319473911432484, -0.3258178080291831,
          0.6133840062888269
        ],
        [
          0.1288624356579107, 0.34680343546638953, -0.9290435134185161,
          1.0819973515570984
        ],
        [
          0.9788144137495927, 0.10583684278172088, 0.1752738033650148,
          2.461516154396893
        ],
        [0.0, 0.0, 0.0, 1.0]
      ]
    },
    {
      "file_path": "./images/frame_00045.JPG",
      "transform_matrix": [
        [
          0.1772684917640021, -0.9416809549178978, -0.2860294757059699,
          0.6778899105279476
        ],
        [
          0.21245081812857664, 0.3203949722841336, -0.9231531355152012,
          1.396367711143106
        ],
        [
          0.9609581321286658, 0.1028787678773681, 0.2568568227939843,
          2.305544944444286
        ],
        [0.0, 0.0, 0.0, 1.0]
      ]
    },
    {
      "file_path": "./images/frame_00046.JPG",
      "transform_matrix": [
        [
          0.21214857697754105, -0.9474387539574376, -0.23948442284621033,
          0.7379753039557985
        ],
        [
          0.3505916019707396, 0.3025381858032559, -0.8863160693333189,
          1.706819812258517
        ],
        [
          0.9121833751576459, 0.10406946540870049, 0.3963471161186271,
          2.1221884920316425
        ],
        [0.0, 0.0, 0.0, 1.0]
      ]
    },
    {
      "file_path": "./images/frame_00047.JPG",
      "transform_matrix": [
        [
          0.24266765955443576, -0.9500748820798353, -0.1961380265205085,
          0.7902025322241019
        ],
        [
          0.5003989119572754, 0.2957955593595451, -0.8136989099016593,
          2.009640267528587
        ],
        [
          0.8310916531396207, 0.09931115498352173, 0.5471964533670622,
          1.9616935252446646
        ],
        [0.0, 0.0, 0.0, 1.0]
      ]
    },
    {
      "file_path": "./images/frame_00050.JPG",
      "transform_matrix": [
        [
          0.19509143013925442, -0.977793364373119, -0.07654717809375865,
          0.8851620863954422
        ],
        [
          0.9016123068415899, 0.20951611649382712, -0.3784154398027808,
          2.787654964895535
        ],
        [
          0.38604997349826004, 0.004809731514571699, 0.9224653296708502,
          1.4721489771806358
        ],
        [0.0, 0.0, 0.0, 1.0]
      ]
    },
    {
      "file_path": "./images/frame_00049.JPG",
      "transform_matrix": [
        [
          0.22052090215041276, -0.9689895687275418, -0.11148877706738267,
          0.8576857859988544
        ],
        [
          0.8279047276968937, 0.24638480053990636, -0.5038534428978756,
          2.59436986438562
        ],
        [
          0.5156978704356848, 0.01880813016019989, 0.8565640435297157,
          1.679428364364884
        ],
        [0.0, 0.0, 0.0, 1.0]
      ]
    },
    {
      "file_path": "./images/frame_00048.JPG",
      "transform_matrix": [
        [
          0.2371273264817555, -0.9641732097081691, -0.11891447648062867,
          0.8597393742557393
        ],
        [
          0.7109889448318396, 0.2556532131656063, -0.6550848455925449,
          2.3269695025742028
        ],
        [
          0.6620161262103228, 0.07079163989588098, 0.7461388559499698,
          1.8363647563690682
        ],
        [0.0, 0.0, 0.0, 1.0]
      ]
    },
    {
      "file_path": "./images/frame_00051.JPG",
      "transform_matrix": [
        [
          0.20564756357867758, -0.9764024688449591, -0.06593404604316652,
          0.8698091668227165
        ],
        [
          0.9531901452200809, 0.21510834957748742, -0.2125016352816381,
          2.97723816352399
        ],
        [
          0.22167008514789413, -0.01914723937067977, 0.974933719067613,
          1.2255872487843438
        ],
        [0.0, 0.0, 0.0, 1.0]
      ]
    },
    {
      "file_path": "./images/frame_00052.JPG",
      "transform_matrix": [
        [
          0.2006447560768525, -0.9792221851935571, -0.02942097693169363,
          0.8817888425801811
        ],
        [
          0.9796547455176967, 0.20042134689165444, 0.010385725530355631,
          3.1175251181524306
        ],
        [
          -0.0042733410251370235, -0.030906241034619693, 0.9995131529007475,
          0.980251414771147
        ],
        [0.0, 0.0, 0.0, 1.0]
      ]
    },
    {
      "file_path": "./images/frame_00054.JPG",
      "transform_matrix": [
        [
          0.08058614764476184, -0.996684651920781, 0.011206133736850832,
          0.8388704298062896
        ],
        [
          0.8901038177847145, 0.07701921081148969, 0.44920288815973936,
          3.213035453352276
        ],
        [
          -0.44857671180395964, -0.026224907845917175, 0.8933594952960541,
          0.5442226886416045
        ],
        [0.0, 0.0, 0.0, 1.0]
      ]
    },
    {
      "file_path": "./images/frame_00053.JPG",
      "transform_matrix": [
        [
          0.14884803424342147, -0.9882617592738827, -0.0343941544271622,
          0.8516560049588527
        ],
        [
          0.957414438113423, 0.13532592173303834, 0.2550382100765723,
          3.211371617854327
        ],
        [
          -0.24739008952225125, -0.07089139626212636, 0.9663190743963294,
          0.756314287196709
        ],
        [0.0, 0.0, 0.0, 1.0]
      ]
    },
    {
      "file_path": "./images/frame_00055.JPG",
      "transform_matrix": [
        [
          0.049290314462316825, -0.9983995802387953, 0.02772621646029625,
          0.8161504307095379
        ],
        [
          0.7854724638982488, 0.05589517567774377, 0.6163673724278148,
          3.195509351362632
        ],
        [
          -0.6169306876447469, -0.008602762053633868, 0.7869704690312264,
          0.3725582413794944
        ],
        [0.0, 0.0, 0.0, 1.0]
      ]
    },
    {
      "file_path": "./images/frame_00056.JPG",
      "transform_matrix": [
        [
          0.0022553524302955947, -0.9989883323203504, 0.044913531070495095,
          0.7983833930755538
        ],
        [
          0.6217525823371365, 0.036577786384861886, 0.7823591195226687,
          3.14791947750099
        ],
        [
          -0.7832104696328549, 0.02616060838338017, 0.6212060711442653,
          0.21643217264579653
        ],
        [0.0, 0.0, 0.0, 1.0]
      ]
    },
    {
      "file_path": "./images/frame_00058.JPG",
      "transform_matrix": [
        [
          -0.12890716799265597, -0.9916564994194519, -0.0005737588965661065,
          0.7158287031173698
        ],
        [
          0.29766215122507506, -0.03924551804285785, 0.9538642634262006,
          3.0466936266445956
        ],
        [
          -0.9459282138556676, 0.12278915454023591, 0.300237635480831,
          -0.11780881207534377
        ],
        [0.0, 0.0, 0.0, 1.0]
      ]
    },
    {
      "file_path": "./images/frame_00057.JPG",
      "transform_matrix": [
        [
          -0.07944323904770277, -0.9965975076805984, 0.02195858498240098,
          0.7443154749337236
        ],
        [
          0.44310979966659947, -0.015572880276961852, 0.8963320762079786,
          3.109288970125532
        ],
        [
          -0.892940354788065, 0.08093758758882787, 0.4428392820270862,
          0.029989921142240736
        ],
        [0.0, 0.0, 0.0, 1.0]
      ]
    },
    {
      "file_path": "./images/frame_00060.JPG",
      "transform_matrix": [
        [
          -0.20488643753076116, -0.9775049835530436, -0.05005551762710519,
          0.648863689982786
        ],
        [
          0.035661344879302996, -0.05856158854378183, 0.9976466352514941,
          2.910786485112212
        ],
        [
          -0.9781358884108856, 0.20261921793401716, 0.046857617592600154,
          -0.44802028781201525
        ],
        [0.0, 0.0, 0.0, 1.0]
      ]
    },
    {
      "file_path": "./images/frame_00061.JPG",
      "transform_matrix": [
        [
          -0.2209344676981552, -0.9750121029608099, -0.02322412674078208,
          0.6703195731141932
        ],
        [
          -0.11839578871844225, 0.0031764211748440603, 0.9929614028562528,
          2.8812183485625598
        ],
        [
          -0.9680756159498441, 0.22212903778763163, -0.11613910786152144,
          -0.6082325030863451
        ],
        [0.0, 0.0, 0.0, 1.0]
      ]
    },
    {
      "file_path": "./images/frame_00059.JPG",
      "transform_matrix": [
        [
          -0.1827875469459597, -0.9824884426817789, -0.03612717368146888,
          0.6779044000185845
        ],
        [
          0.17109749324218732, -0.06797446237050768, 0.9829064656780315,
          2.9545529684439527
        ],
        [
          -0.9681499679738247, 0.17348179288378615, 0.18052619491394842,
          -0.2759607697856338
        ],
        [0.0, 0.0, 0.0, 1.0]
      ]
    },
    {
      "file_path": "./images/frame_00062.JPG",
      "transform_matrix": [
        [
          -0.20073332339880873, -0.9796028625956255, -0.009185013430860901,
          0.6351335855741905
        ],
        [
          -0.10251842356765598, 0.011681137046631372, 0.9946625175739259,
          2.8993848626338488
        ],
        [
          -0.9742669581313285, 0.2006035459102197, -0.10277213465611391,
          -0.8223049220647334
        ],
        [0.0, 0.0, 0.0, 1.0]
      ]
    },
    {
      "file_path": "./images/frame_00064.JPG",
      "transform_matrix": [
        [
          -0.09471652452656858, -0.9954942429859935, 0.004471259705223966,
          0.37519248141061423
        ],
        [
          0.4756357285377871, -0.041307916315921664, 0.8786719011030026,
          4.2806139366081055
        ],
        [
          -0.8745281205998675, 0.08535143953900506, 0.4774051717866943,
          -0.3400320806027856
        ],
        [0.0, 0.0, 0.0, 1.0]
      ]
    },
    {
      "file_path": "./images/frame_00063.JPG",
      "transform_matrix": [
        [
          -0.15597262228758385, -0.987752210501269, 0.004255789772953621,
          0.5168047148516263
        ],
        [
          0.23900462529460043, -0.033559222890084374, 0.970438337890049,
          3.9377311085622244
        ],
        [
          -0.9584097924085093, 0.1523789657691327, 0.24131166695086906,
          -0.39961516641337547
        ],
        [0.0, 0.0, 0.0, 1.0]
      ]
    },
    {
      "file_path": "./images/frame_00065.JPG",
      "transform_matrix": [
        [
          -0.025791723991670772, -0.9996034892622796, 0.011298284303945668,
          0.4392901194087634
        ],
        [
          0.5526438758432087, -0.004839528016664164, 0.8334034589930449,
          3.44507578739978
        ],
        [
          -0.8330183272092719, 0.027738839616163347, 0.5525495663831573,
          -1.1401167524160414
        ],
        [0.0, 0.0, 0.0, 1.0]
      ]
    },
    {
      "file_path": "./images/frame_00066.JPG",
      "transform_matrix": [
        [
          0.01589458186675486, -0.9987608457706081, -0.047160738150080185,
          0.3360265215432668
        ],
        [
          0.7461502652128627, -0.01954950134037781, 0.6654904948382938,
          4.6554322941063075
        ],
        [
          -0.6655878183906732, -0.04576669043007115, 0.7449149388064538,
          -0.29345367836011066
        ],
        [0.0, 0.0, 0.0, 1.0]
      ]
    },
    {
      "file_path": "./images/frame_00067.JPG",
      "transform_matrix": [
        [
          0.06862786599528052, -0.9965829801570615, -0.045962807466515404,
          0.33786003383015434
        ],
        [
          0.8361308259371129, 0.03232415790448341, 0.5475768354610042,
          4.767968848811924
        ],
        [
          -0.5442200455024193, -0.07600994985550358, 0.8354920882906721,
          -0.6240514127480808
        ],
        [0.0, 0.0, 0.0, 1.0]
      ]
    },
    {
      "file_path": "./images/frame_00068.JPG",
      "transform_matrix": [
        [
          0.06467036535301811, -0.9957023111779943, -0.06629216665570489,
          0.32098798191431593
        ],
        [
          0.8589339135426304, 0.021724174711903365, 0.5116254415091452,
          4.8796663810624175
        ],
        [
          -0.5079864919576585, -0.09002759436910049, 0.8566473931791683,
          -0.9955025215273523
        ],
        [0.0, 0.0, 0.0, 1.0]
      ]
    },
    {
      "file_path": "./images/frame_00069.JPG",
      "transform_matrix": [
        [
          0.06542492729809898, -0.9971131663998047, -0.038534559556245754,
          0.3298290170820155
        ],
        [
          0.8048579647885357, 0.029904145025766493, 0.592713589034986,
          5.065004631636037
        ],
        [
          -0.5898501804733934, -0.06979309064967185, 0.804490950286622,
          -1.334423722477296
        ],
        [0.0, 0.0, 0.0, 1.0]
      ]
    },
    {
      "file_path": "./images/frame_00071.JPG",
      "transform_matrix": [
        [
          -0.015515900171962633, -0.999521338716827, -0.026764721025550973,
          0.28587438154760986
        ],
        [
          0.6320675598902732, -0.03054593657940595, 0.7743110134131137,
          5.4012760477881
        ],
        [
          -0.7747579341808704, -0.004902979523594801, 0.6322389613236291,
          -2.035259467548137
        ],
        [0.0, 0.0, 0.0, 1.0]
      ]
    },
    {
      "file_path": "./images/frame_00070.JPG",
      "transform_matrix": [
        [
          0.007990648240003399, -0.9995413303466936, -0.029210930650472876,
          0.32136719291272375
        ],
        [
          0.7093421857685259, -0.01492386752325332, 0.7047062804227577,
          5.2869433318573975
        ],
        [
          -0.7048189930966918, -0.02635160539531871, 0.7088975806583452,
          -1.682162639822764
        ],
        [0.0, 0.0, 0.0, 1.0]
      ]
    },
    {
      "file_path": "./images/frame_00072.JPG",
      "transform_matrix": [
        [
          -0.07402896088889549, -0.9968321083568432, -0.029076806883853883,
          0.2619444534243822
        ],
        [
          0.5290193780166466, -0.06397005969583602, 0.8461952074701152,
          5.448444682757724
        ],
        [
          -0.845374597816016, 0.04726075762576943, 0.532079138997243,
          -2.4141179332092624
        ],
        [0.0, 0.0, 0.0, 1.0]
      ]
    },
    {
      "file_path": "./images/frame_00073.JPG",
      "transform_matrix": [
        [
          -0.07879484041316488, -0.9958875361520227, -0.044714521816938156,
          0.20235119519286915
        ],
        [
          0.4129188545021146, -0.07342982471010849, 0.9078028863358523,
          5.4804984684417395
        ],
        [
          -0.9073529592837206, 0.053066714427184025, 0.41700663196042614,
          -2.757965196819907
        ],
        [0.0, 0.0, 0.0, 1.0]
      ]
    },
    {
      "file_path": "./images/frame_00074.JPG",
      "transform_matrix": [
        [
          -0.13555643045537003, -0.9861736953223688, -0.0953199707114,
          0.19164235197934051
        ],
        [
          0.22157739886211283, -0.12394663628267771, 0.9672335228204767,
          5.48248348746427
        ],
        [
          -0.9656748471797835, 0.10999397260047178, 0.23531556581719804,
          -3.04348757453384
        ],
        [0.0, 0.0, 0.0, 1.0]
      ]
    },
    {
      "file_path": "./images/frame_00075.JPG",
      "transform_matrix": [
        [
          -0.1749584408921386, -0.9775112183230314, -0.11773428563173327,
          0.1407461171027956
        ],
        [
          0.04188729838607012, -0.12686036012465993, 0.9910357729481604,
          5.45723365099567
        ],
        [
          -0.9836843996905248, 0.16845850255081843, 0.06314059489605352,
          -3.2541778897031306
        ],
        [0.0, 0.0, 0.0, 1.0]
      ]
    },
    {
      "file_path": "./images/frame_00076.JPG",
      "transform_matrix": [
        [
          -0.24125172111839244, -0.9627508057055406, -0.12210034058406989,
          0.11339101583453277
        ],
        [
          -0.11997581109065386, -0.09526313555329671, 0.9881956991192046,
          5.339320629507197
        ],
        [
          -0.9630178668179282, 0.25305300061032016, -0.09252441338133514,
          -3.468107443782035
        ],
        [0.0, 0.0, 0.0, 1.0]
      ]
    },
    {
      "file_path": "./images/frame_00078.JPG",
      "transform_matrix": [
        [
          -0.2693004498542308, -0.9435459775507162, -0.19286849394385913,
          -0.028369045357774764
        ],
        [
          -0.4475049742273097, -0.05473193186278072, 0.8926050154891484,
          4.988229410237176
        ],
        [
          -0.8527699371753931, 0.3266885426249771, -0.4075021844940771,
          -3.8481762415804197
        ],
        [0.0, 0.0, 0.0, 1.0]
      ]
    },
    {
      "file_path": "./images/frame_00077.JPG",
      "transform_matrix": [
        [
          -0.2550521042508946, -0.9531816294532107, -0.16245985778066216,
          0.02999671511645685
        ],
        [
          -0.28804090717616854, -0.08549038993824778, 0.9537944375080702,
          5.183170608477549
        ],
        [
          -0.923028092698332, 0.29006236312408495, -0.2527507974043817,
          -3.6533522234149847
        ],
        [0.0, 0.0, 0.0, 1.0]
      ]
    },
    {
      "file_path": "./images/frame_00079.JPG",
      "transform_matrix": [
        [
          -0.28216924134219157, -0.9307611557680766, -0.23251707497223922,
          -0.09810686149269414
        ],
        [
          -0.5480286864315623, -0.04254851117712778, 0.8353766713553267,
          4.763106106806318
        ],
        [
          -0.7874294114957022, 0.3631436287612433, -0.4980779324580121,
          -3.967914439599191
        ],
        [0.0, 0.0, 0.0, 1.0]
      ]
    },
    {
      "file_path": "./images/frame_00080.JPG",
      "transform_matrix": [
        [
          -0.3201966939491348, -0.92450445471407, -0.2067984293893072,
          -0.1343941528803236
        ],
        [
          -0.5751147417369082, 0.016232463722728716, 0.8179116950859545,
          4.50983439856186
        ],
        [
          -0.7528061576667217, 0.3808254460186851, -0.5368937219261704,
          -4.022440606872407
        ],
        [0.0, 0.0, 0.0, 1.0]
      ]
    },
    {
      "file_path": "./images/frame_00081.JPG",
      "transform_matrix": [
        [
