packages/beansp/beansp-1.0.1.tar.gz/beansp-1.0.1/tests/data/multiprocessing.ecsv
# %ECSV 1.0
# ---
# datatype:
# - {name: run, datatype: int64, description: '[1/63] Run ID'}
# - {name: col1, datatype: float64}
# - {name: col2, datatype: float64}
# - {name: col3, datatype: float64}
# schema: astropy-2.0
run col1 col2 col3
1 0.9750249492497147 2.7633298129722212 125.36400406768861
2 1.1834082259963283 3.5327331387728154 101.17854126804022
3 1.4326140761813766 4.3939919170268835 85.10718611872517
4 1.719805957611559 5.301930544118799 73.58923044466951
5 2.0469420989926155 6.287932602974589 64.98446815863171
6 2.4258230141618933 7.354141930015495 58.32854138662956
7 2.8588579557401066 8.501210280139192 53.04184999414501
8 1.5102597228074401 4.559994887552733 117.67308643642023
9 1.8776596318436733 5.964356407677315 95.19594110335086
10 2.311364392458959 7.530909791666819 80.02335510530598
11 2.8260967039201 9.278069455484495 69.10321173161746
12 3.4489433715663083 11.305624194014182 60.898052953455974
13 4.216517223746999 13.674246027671073 54.52610815589443
14 1.5102597228074401 4.559994887552733 117.67308643642023
15 0.7885802984224203 1.6586997051654009 168.91491474715858
16 0.8896576668237084 1.934638967550629 139.36852597116444
17 1.0317923236535316 2.296717566775029 117.39701262985879
18 1.1844554735818604 2.6727421750224716 100.88058014486178
19 1.3476471166086947 3.0430527657358657 88.60437263193684
20 1.5213672527340338 3.400964082519242 79.27980850482301
21 0.7885802984224203 1.6586997051654009 168.91491474715858
22 1.4918200501025023 2.6567727257184246 132.8495656098967
23 1.7607095916948963 3.3258800853828046 106.59934760307227
24 2.1108492155855054 4.09874350827555 89.6213499886908
25 2.5062508862404558 4.896111057299534 77.50886196714266
26 2.94445144277334 5.723437296241542 68.46491879271578
27 3.4348395828527045 6.585943938821317 61.48245235183508
28 0.7885802984224203 1.6586997051654009 168.91491474715858
29 2.3838309624305425 4.685735374487517 120.36377525684507
31 3.5685077336848847 7.581381372173076 81.81686269757651
32 4.315617038888946 9.253725983651432 70.6976281886428
33 5.1991964734313845 11.086198162482747 62.340993251868966
34 6.245633811490399 13.177599396995465 55.87312588843211
35 1.4918200501025023 2.6567727257184246 132.8495656098967
36 1.9350777065062008 2.3699755486859844 193.39851771375967
37 1.668708694166463 2.017174155520817 166.57527471213413
38 1.6154360852097813 2.0030404031074545 140.34762741719726
39 1.7766832103727905 2.2002774040186486 122.54263062532519
40 2.0214706749130418 2.4513232026938514 109.99275040419089
41 2.2820508791010505 2.6973613709456536 99.95982892695585
42 0.7885802984224203 1.6586997051654009 168.91491474715858
43 4.393366424563562 3.007273941835494 172.62037106394376
44 3.569971715679648 2.8055911184090077 128.11022813169654
45 4.074902008743686 3.343743658600808 105.7933171777798
46 4.641565794199872 3.879764737288232 90.57476186650587
47 5.283441396823477 4.4182594082925055 79.57127517536188
48 6.030891653462239 4.981030071018491 71.44890983430918
49 1.4918200501025023 2.6567727257184246 132.8495656098967
50 5.042639507538074 4.610389226927514 129.3863428982813
51 5.9962343318105775 5.806570734582028 104.08850494076826
52 7.174363864962495 7.131135166576885 87.43780746932785
53 8.519642837080193 8.533393220694506 75.587104886647
54 10.034104870601007 10.005856066420177 66.72906177421763
55 11.739049696314249 11.555790281205187 59.877829103992006
56 2.3838309624305425 4.685735374487517 120.36377525684507
57 16.044749363313866 8.963943890801213 211.98368930291923
58 11.591808648001928 5.671911783005604 206.2367940969244
59 9.981316636421273 4.390137116144868 197.8266455256759
60 9.44377273636636 3.8047477797525464 188.13441263782937
63 1.9350777065062008 2.3699755486859844 193.39851771375967
