{
  "fl_x": 1072.8583173568106,
  "fl_y": 1074.1960170149719,
  "cx": 1504.0,
  "cy": 1000.0,
  "w": 3008,
  "h": 2000,
  "camera_model": "OPENCV_FISHEYE",
  "k1": 0.030913083531908678,
  "k2": 0.006187140428256682,
  "k3": -6.704702227808027e-5,
  "k4": 0.0002763323375642508,
  "aabb_scale": 16,
  "frames": [
    {
      "file_path": "./images/frame_00001.JPG",
      "transform_matrix": [
        [
          -0.10432933836933228, -0.9833242743757692, -0.1489589224544279,
          -0.34377394937778505
        ],
        [
          -0.9401761752077533, 0.04867152570283923, 0.3371940719488959,
          -1.2684602362335682
        ],
        [
          -0.3243210581000511, 0.1752268644047618, -0.9295759233455532,
          -4.903072877238668
        ],
        [0.0, 0.0, 0.0, 1.0]
      ]
    },
    {
      "file_path": "./images/frame_00004.JPG",
      "transform_matrix": [
        [
          -0.0866397488393796, -0.985012367692819, -0.14914486049889913,
          -0.2916464578337404
        ],
        [
          -0.9340779646506554, 0.02826396527016738, 0.3559487381931498,
          -1.3903752462011856
        ],
        [
          -0.346398484227541, 0.17015223700966625, -0.9225271304224436,
          -4.072003981693894
        ],
        [0.0, 0.0, 0.0, 1.0]
      ]
    },
    {
      "file_path": "./images/frame_00002.JPG",
      "transform_matrix": [
        [
          -0.10434306210938933, -0.9842441010385992, -0.1427447896084344,
          -0.31440394244311626
        ],
        [
          -0.9413037501028616, 0.05140541795765707, 0.33362363982021287,
          -1.26983944256291
        ],
        [
          -0.32102924388897136, 0.1691775179369844, -0.9318364620429681,
          -4.661020831476561
        ],
        [0.0, 0.0, 0.0, 1.0]
      ]
    },
    {
      "file_path": "./images/frame_00005.JPG",
      "transform_matrix": [
        [
          -0.09063411449568345, -0.9870109238249289, -0.1326457445221803,
          -0.304081176597181
        ],
        [
          -0.9238482711695509, 0.03359309371606521, 0.3812818851081378,
          -1.467238628224332
        ],
        [
          -0.3718734047315227, 0.1571016877848352, -0.9148930159032481,
          -3.7223112847127875
        ],
        [0.0, 0.0, 0.0, 1.0]
      ]
    },
    {
      "file_path": "./images/frame_00003.JPG",
      "transform_matrix": [
        [
          -0.08283749466178526, -0.9880397851782708, -0.1300589573348765,
          -0.32996653320874214
        ],
        [
          -0.9425714867462511, 0.03530561711417246, 0.3321332650806722,
          -1.3197278231153826
        ],
        [
          -0.3235690681309314, 0.15010295235292334, -0.9342227581491553,
          -4.382401762535649
        ],
        [0.0, 0.0, 0.0, 1.0]
      ]
    },
    {
      "file_path": "./images/frame_00006.JPG",
      "transform_matrix": [
        [
          -0.07937704407939203, -0.9886529311171092, -0.12753300226516517,
          -0.288906219534428
        ],
        [
          -0.9317955409098175, 0.028129186434405585, 0.3618919988216356,
          -1.5899538810039673
        ],
        [
          -0.35419818578558326, 0.14756059997196685, -0.9234552043938647,
          -3.375946432106746
        ],
        [0.0, 0.0, 0.0, 1.0]
      ]
    },
    {
      "file_path": "./images/frame_00007.JPG",
      "transform_matrix": [
        [
          -0.09688245629729923, -0.9914141592162271, -0.08781659619561268,
          -0.30521370461234837
        ],
        [
          -0.9187763123219319, 0.055158846683933, 0.3909061134704984,
          -1.7566628275000407
        ],
        [
          -0.3827059936529786, 0.11855575286792186, -0.9162317697416993,
          -3.0301875880859535
        ],
        [0.0, 0.0, 0.0, 1.0]
      ]
    },
    {
      "file_path": "./images/frame_00008.JPG",
      "transform_matrix": [
        [
          -0.1164644066988281, -0.9883763473007403, -0.09771508618803901,
          -0.30795330423726125
        ],
        [
          -0.8762840827870356, 0.05594606380582215, 0.4785355203103729,
          -1.9173608083240468
        ],
        [
          -0.4675064151713582, 0.14135853013200445, -0.8726141860711099,
          -2.7095144222033736
        ],
        [0.0, 0.0, 0.0, 1.0]
      ]
    },
    {
      "file_path": "./images/frame_00009.JPG",
      "transform_matrix": [
        [
          -0.10882305129397306, -0.9910040095809964, -0.07790119704765498,
          -0.31301921414374617
        ],
        [
          -0.857543977106211, 0.053953741014619555, 0.511573378079225,
          -2.0373153347501236
        ],
        [
          -0.5027682078611689, 0.12247467830092724, -0.855700930430225,
          -2.3525978302450214
        ],
        [0.0, 0.0, 0.0, 1.0]
      ]
    },
    {
      "file_path": "./images/frame_00010.JPG",
      "transform_matrix": [
        [
          -0.08862509714849846, -0.9907600587357671, -0.10266498024798203,
          -0.2956445017419763
        ],
        [
          -0.8850042329929886, 0.031027471392238735, 0.46454795619343286,
          -2.1733214966942755
        ],
        [
          -0.4570701256261571, 0.13202954984738505, -0.8795766585279452,
          -1.985764094113717
        ],
        [0.0, 0.0, 0.0, 1.0]
      ]
    },
    {
      "file_path": "./images/frame_00011.JPG",
      "transform_matrix": [
        [
          -0.10598130620945997, -0.98869379057976, -0.10607804298327794,
          -0.28960295779191186
        ],
        [
          -0.9262601189209066, 0.05935709609111133, 0.3721813096331647,
          -2.3133733732902373
        ],
        [
          -0.36167686521363746, 0.1377001220502584, -0.9220783706153068,
          -1.6067813189966593
        ],
        [0.0, 0.0, 0.0, 1.0]
      ]
    },
    {
      "file_path": "./images/frame_00012.JPG",
      "transform_matrix": [
        [
          -0.0845132005579429, -0.9842148705877775, -0.1554947183840589,
          -0.2718392959344642
        ],
        [
          -0.9640929651030425, 0.041340610857141115, 0.2623274833729421,
          -2.4176274897919074
        ],
        [
          -0.2517583634564613, 0.17208149931890784, -0.9523684602200346,
          -1.222831276333827
        ],
        [0.0, 0.0, 0.0, 1.0]
      ]
    },
    {
      "file_path": "./images/frame_00013.JPG",
      "transform_matrix": [
        [
          -0.08576607586630995, -0.9866265898469183, -0.1386079090006596,
          -0.2782084176082246
        ],
        [
          -0.9761818260428643, 0.055389021334102055, 0.20976438882534196,
          -2.4996036136196906
        ],
        [
          -0.19928176718935736, 0.15329719019829147, -0.9678774451051102,
          -0.8253977089002049
        ],
        [0.0, 0.0, 0.0, 1.0]
      ]
    },
    {
      "file_path": "./images/frame_00015.JPG",
      "transform_matrix": [
        [
          -0.10680420839050293, -0.977348348208402, -0.18271033721272106,
          -0.2490763572562146
        ],
        [
          -0.9906601563019081, 0.08893682388880562, 0.10335712879356829,
          -2.734491609320089
        ],
        [
          -0.08476624201860496, 0.19204282754344093, -0.9777188944697566,
          -0.0553947282636269
        ],
        [0.0, 0.0, 0.0, 1.0]
      ]
    },
    {
      "file_path": "./images/frame_00014.JPG",
      "transform_matrix": [
        [
          -0.071254892251453, -0.9820232876496412, -0.17479417279767606,
          -0.2513400569435687
        ],
        [
          -0.9859221165074582, 0.04276622341912421, 0.16164352853089867,
          -2.6123393910387427
        ],
        [
          -0.15126242266897524, 0.18385133300646905, -0.971245780860878,
          -0.4410248666959024
        ],
        [0.0, 0.0, 0.0, 1.0]
      ]
    },
    {
      "file_path": "./images/frame_00016.JPG",
      "transform_matrix": [
        [
          -0.1075091485585819, -0.9694232767230905, -0.22059078295267637,
          -0.22711291885864734
        ],
        [
          -0.9941874611200547, 0.10611117256089404, 0.018212940712876907,
          -2.810975485714734
        ],
        [
          0.0057510979705936585, 0.2212666481989958, -0.9751963880505883,
          0.3130427065576979
        ],
        [0.0, 0.0, 0.0, 1.0]
      ]
    },
    {
      "file_path": "./images/frame_00017.JPG",
      "transform_matrix": [
        [
          -0.12058416484440244, -0.972445351561495, -0.19952317513316203,
          -0.22599984546953752
        ],
        [
          -0.9884660093547792, 0.13616950842111997, -0.06627830207985021,
          -2.8468972701479807
        ],
        [
          0.0916209994434426, 0.1892297629940676, -0.97764906242383,
          0.6903837363345511
        ],
        [0.0, 0.0, 0.0, 1.0]
      ]
    },
    {
      "file_path": "./images/frame_00018.JPG",
      "transform_matrix": [
        [
          -0.0872861768939895, -0.9740166554543728, -0.2089800904888041,
          -0.21420666373656264
        ],
        [
          -0.9719151526042347, 0.1292871117285399, -0.19663615862597036,
          -2.8707928077090497
        ],
        [
          0.21854532587432957, 0.18594729801309196, -0.9579465240294535,
          1.0477103191389705
        ],
        [0.0, 0.0, 0.0, 1.0]
      ]
    },
    {
      "file_path": "./images/frame_00019.JPG",
      "transform_matrix": [
        [
          -0.09671609619707415, -0.9734215990565742, -0.20759669367921205,
          -0.2057476660094728
        ],
        [
          -0.9070980827809766, 0.17205210333302984, -0.3841498951630176,
          -2.8666164269288035
        ],
        [
          0.4096572530194911, 0.15115708461340052, -0.8996290740186769,
          1.3980229726637976
        ],
        [0.0, 0.0, 0.0, 1.0]
      ]
    },
    {
      "file_path": "./images/frame_00020.JPG",
      "transform_matrix": [
        [
          -0.09072397620976343, -0.9627887861594113, -0.2545720200382949,
          -0.1789618200873692
        ],
        [
          -0.8287768564652535, 0.21472791576294445, -0.5167405967985046,
          -2.8054658688343466
        ],
        [
          0.5521757712253075, 0.16410263690078106, -0.8174180339544431,
          1.7074262683049561
        ],
        [0.0, 0.0, 0.0, 1.0]
      ]
    },
    {
      "file_path": "./images/frame_00021.JPG",
      "transform_matrix": [
        [
          -0.08951490946349151, -0.9624997433496841, -0.2560885101591533,
          -0.14580437808978441
        ],
        [
          -0.715944271259143, 0.24092934161850887, -0.6552685348759593,
          -2.679959702621391
        ],
        [
          0.6923950327919441, 0.12468879821003842, -0.7106629455416811,
          1.9954348261432824
        ],
        [0.0, 0.0, 0.0, 1.0]
      ]
    },
    {
      "file_path": "./images/frame_00022.JPG",
      "transform_matrix": [
        [
          -0.03639800006163446, -0.9645366963882385, -0.26142713499553943,
          -0.13799850409055203
        ],
        [
          -0.5900608874872806, 0.2318734633102063, -0.7733452308447066,
          -2.550767964529686
        ],
        [
          0.8065378693212337, 0.12610970752877482, -0.5775751094167502,
          2.246202222537088
        ],
        [0.0, 0.0, 0.0, 1.0]
      ]
    },
    {
      "file_path": "./images/frame_00023.JPG",
      "transform_matrix": [
        [
          -0.025613346484165044, -0.9683801169384769, -0.24816104770915245,
          -0.11043581577010882
        ],
        [
          -0.3806170010622668, 0.23899201467395947, -0.8933160221469487,
          -2.3990810241933236
        ],
        [
          0.9243779827452882, 0.07157350096442194, -0.37470332127624306,
          2.472866205640688
        ],
        [0.0, 0.0, 0.0, 1.0]
      ]
    },
    {
      "file_path": "./images/frame_00024.JPG",
      "transform_matrix": [
        [
          0.0065444602839435494, -0.9637888019317267, -0.2665864124643245,
          -0.1064187282857927
        ],
        [
          -0.12067221670937409, 0.2638827213830834, -0.9569765542947769,
          -2.2187638831476844
        ],
        [
          0.9926708347453541, 0.03843246838891687, -0.11457556117906281,
          2.6146446353634993
        ],
        [0.0, 0.0, 0.0, 1.0]
      ]
    },
    {
      "file_path": "./images/frame_00025.JPG",
      "transform_matrix": [
        [
          0.006161404442564557, -0.9737452161133994, -0.22755722619060959,
          -0.07245309037738319
        ],
        [
          0.059519087462748275, 0.22751520842180317, -0.9719538611294183,
          -2.000876432696597
        ],
        [
          0.9982081523023624, -0.007555397610488664, 0.05935823990020727,
          2.698631802759526
        ],
        [0.0, 0.0, 0.0, 1.0]
      ]
    },
    {
      "file_path": "./images/frame_00027.JPG",
      "transform_matrix": [
        [
          0.09740015316512657, -0.9836235759745227, -0.15165048945025594,
          -0.08754469980385389
        ],
        [
          0.6513312190904503, 0.17821096648051654, -0.7375693150234954,
          -1.7293445638447187
        ],
        [
          0.7525163474646632, -0.026935333916112688, 0.6580225182965014,
          2.7087093583298887
        ],
        [0.0, 0.0, 0.0, 1.0]
      ]
    },
    {
      "file_path": "./images/frame_00026.JPG",
      "transform_matrix": [
        [
          0.043405803833624315, -0.9779402654866604, -0.2043251656880219,
          -0.08219109178487255
        ],
        [
          0.3363488925735691, 0.2068833771119916, -0.9187321104322363,
          -1.8150872962939537
        ],
        [
          0.9407366042937261, -0.028846237443003814, 0.3379090645829011,
          2.712024623384419
        ],
        [0.0, 0.0, 0.0, 1.0]
      ]
    },
    {
      "file_path": "./images/frame_00028.JPG",
      "transform_matrix": [
        [
          0.07575154315825317, -0.989085401701517, -0.12637947558876733,
          -0.09461726322717404
        ],
        [
          0.8876844464466584, 0.12462348688098113, -0.4432666353949005,
          -1.7438887506522416
        ],
        [
          0.45417840904850704, -0.07860696316850338, 0.8874361487428786,
          2.7259331260837656
        ],
        [0.0, 0.0, 0.0, 1.0]
      ]
    },
    {
      "file_path": "./images/frame_00029.JPG",
      "transform_matrix": [
        [
          0.07908169165826259, -0.9917859501468936, -0.10053215970867804,
          -0.09716905159256796
        ],
        [
          0.9910212526415203, 0.0891236166626303, -0.09966874016362656,
          -1.8293381638403705
        ],
        [
          0.10780984582726877, -0.09174753426766408, 0.9899290010392182,
          2.7633110433648724
        ],
        [0.0, 0.0, 0.0, 1.0]
      ]
    },
    {
      "file_path": "./images/frame_00031.JPG",
      "transform_matrix": [
        [
          0.05883459393705533, -0.9972024615207175, -0.04610576203994453,
          -0.08776957070984015
        ],
        [
          0.9057977204705744, 0.03391430609913169, 0.42235093161034365,
          -1.938522235214397
        ],
        [
          -0.4196057437006465, -0.0666113397165721, 0.9052590509211111,
          2.951636934948617
        ],
        [0.0, 0.0, 0.0, 1.0]
      ]
    },
    {
      "file_path": "./images/frame_00030.JPG",
      "transform_matrix": [
        [
          0.08311288255601454, -0.9945515106056143, -0.06292488780538874,
          -0.09712412172432322
        ],
        [
          0.9802388789138943, 0.07021594938138893, 0.18493636937633992,
          -1.9042150667779463
        ],
        [
          -0.17951041479218402, -0.07705201622644829, 0.9807339077326618,
          2.8336494819836577
        ],
        [0.0, 0.0, 0.0, 1.0]
      ]
    },
    {
      "file_path": "./images/frame_00033.JPG",
      "transform_matrix": [
        [
          0.01046765349690843, -0.9990932781916175, -0.04126802276092022,
          -0.07467326138264395
        ],
        [
          0.5921310679139535, -0.027063049216232007, 0.8053871055450295,
          -1.8564512329806195
        ],
        [
          -0.805773682023277, -0.03286659153984442, 0.5913108831394899,
          3.2004490052546526
        ],
        [0.0, 0.0, 0.0, 1.0]
      ]
    },
    {
      "file_path": "./images/frame_00032.JPG",
      "transform_matrix": [
        [
          0.03770472705767481, -0.9960993268480892, -0.07977772001185258,
          -0.07756414318642484
        ],
        [
          0.7671727513309995, -0.022302678827246358, 0.6410526968450824,
          -1.9368476511093575
        ],
        [
          -0.6403314166685332, -0.08537400992053729, 0.763339344759169,
          3.085522424655486
        ],
        [0.0, 0.0, 0.0, 1.0]
      ]
    },
    {
      "file_path": "./images/frame_00034.JPG",
      "transform_matrix": [
        [
          -0.0038619532892218986, -0.9978849078219538, -0.06489064692205075,
          -0.04088306034073747
        ],
        [
          0.3749186501788266, -0.06160262744701596, 0.9250087145750093,
          -1.6894797685559892
        ],
        [
          -0.9270496702253224, -0.020756373305434225, 0.37436356914412355,
          3.2838705500167564
        ],
        [0.0, 0.0, 0.0, 1.0]
      ]
    },
    {
      "file_path": "./images/frame_00035.JPG",
      "transform_matrix": [
        [
          0.016571760836890406, -0.9918879168297062, -0.12603069939499126,
          -0.009198249375226628
        ],
        [
          0.4061448943785225, -0.10850286922803937, 0.9073441751284579,
          -1.4668198682334372
        ],
        [
          -0.9136584162109074, -0.06622301576120446, 0.40105212961717035,
          3.2823082986643732
        ],
        [0.0, 0.0, 0.0, 1.0]
      ]
    },
    {
      "file_path": "./images/frame_00036.JPG",
      "transform_matrix": [
        [
          0.029907559644936115, -0.9905846357977659, -0.13359497444699048,
          0.033796247049707906
        ],
        [
          0.7636574299059767, -0.06359200581305824, 0.6424822071824792,
          -1.1942651174264598
        ],
        [
          -0.6449285756000293, -0.12123586976666358, 0.7545654353708747,
          3.2427376033266455
        ],
        [0.0, 0.0, 0.0, 1.0]
      ]
    },
    {
      "file_path": "./images/frame_00037.JPG",
      "transform_matrix": [
        [
          0.027377446014727847, -0.9770851679710437, -0.21108067173644346,
          0.08132312969994095
        ],
        [
          0.9919965645202288, 0.0005183627933661074, 0.12626380035496398,
          -0.8455061556867488
        ],
        [
          -0.12326107021186539, -0.21284808157700646, 0.9692793213203373,
          3.22811994662939
        ],
        [0.0, 0.0, 0.0, 1.0]
      ]
    },
    {
      "file_path": "./images/frame_00038.JPG",
      "transform_matrix": [
        [
          0.07787816926748105, -0.9608258034221253, -0.26598640233999366,
          0.10222678876677647
        ],
        [
          0.9519071073850877, 0.15096240528310376, -0.26661434901538067,
          -0.5301230846818694
        ],
        [
          0.2963238931664149, -0.23243090945347036, 0.9263735869881716,
          3.2286927048890917
        ],
        [0.0, 0.0, 0.0, 1.0]
      ]
    },
    {
      "file_path": "./images/frame_00039.JPG",
      "transform_matrix": [
        [
          0.06884869968981976, -0.9689970314252363, -0.237285923813657,
          0.12256636439419102
        ],
        [
          0.7630313021723333, 0.20437370657845302, -0.613200309821006,
          -0.20889261603343104
        ],
        [
          0.6426842836542795, -0.13883854345412888, 0.7534459306382386,
          3.226166691265255
        ],
        [0.0, 0.0, 0.0, 1.0]
      ]
    },
    {
      "file_path": "./images/frame_00041.JPG",
      "transform_matrix": [
        [
          0.02996297294917131, -0.9589705150685944, -0.2819180226255896,
          0.16415715808628584
        ],
        [
          0.13638105676642842, 0.2833292223116241, -0.9492759130724648,
          0.36064527466528706
        ],
        [
          0.990203225407451, -0.01000514934248953, 0.139274798076734,
          3.2172581884408635
        ],
        [0.0, 0.0, 0.0, 1.0]
      ]
    },
    {
      "file_path": "./images/frame_00040.JPG",
      "transform_matrix": [
        [
          0.04499193200836427, -0.9592302013523849, -0.2790217677307951,
          0.1398083072338305
        ],
        [
          0.4353610254737222, 0.2702132443643303, -0.858746516772308,
          0.08892442855671188
        ],
        [
          0.899130971300969, -0.08283853803373037, 0.4297688600443389,
          3.2456309554200886
        ],
        [0.0, 0.0, 0.0, 1.0]
      ]
    },
    {
      "file_path": "./images/frame_00043.JPG",
      "transform_matrix": [
        [
          0.0032069838799041656, -0.9628374466559922, -0.27006252344848464,
          0.2150809200774172
        ],
        [
          -0.3455663665167701, 0.2523592103535196, -0.90382449362813,
          0.9234065687751614
        ],
        [
          0.9383888328335921, 0.09622307554177081, -0.3319149260676466,
          3.234142802808002
        ],
        [0.0, 0.0, 0.0, 1.0]
      ]
    },
    {
      "file_path": "./images/frame_00044.JPG",
      "transform_matrix": [
        [
          -0.00103107558563436, -0.9749062278984416, -0.22261352988524497,
          0.20501272817054297
        ],
        [
          -0.3441370533299011, 0.20936219150433663, -0.9152798267709795,
          1.255423163213555
        ],
        [
          0.9389188598641256, 0.07566584152266885, -0.3357172247861536,
          3.2683820028560344
        ],
        [0.0, 0.0, 0.0, 1.0]
      ]
    },
    {
      "file_path": "./images/frame_00042.JPG",
      "transform_matrix": [
        [
          0.03740464476022461, -0.9546663861598943, -0.295318444542106,
          0.16960321860680777
        ],
        [
          -0.15280059956669945, 0.28658602555093293, -0.9457909001100492,
          0.6259933987777296
        ],
        [
          0.9875489199641799, 0.08050180802520844, -0.13515394771242872,
          3.199267217822543
        ],
        [0.0, 0.0, 0.0, 1.0]
      ]
    },
    {
      "file_path": "./images/frame_00045.JPG",
      "transform_matrix": [
        [
          0.010354790965757952, -0.9813562121124897, -0.19191863706342296,
          0.23054871712381514
        ],
        [
          -0.249638085130798, 0.1833146142277437, -0.9508294161745111,
          1.5955128518101909
        ],
        [
          0.9682838451385437, 0.05775584090600628, -0.2430857011116782,
          3.2438361962167988
        ],
        [0.0, 0.0, 0.0, 1.0]
      ]
    },
    {
      "file_path": "./images/frame_00046.JPG",
      "transform_matrix": [
        [
          0.032738485419230905, -0.9846193498282196, -0.17161855236631307,
          0.24095091405194777
        ],
        [
          -0.08060654540016517, 0.1685501148012825, -0.9823916956281366,
          1.9495764084410805
        ],
        [
          0.9962081993293901, 0.04599559483612116, -0.07384868884797798,
          3.1723317383136287
        ],
        [0.0, 0.0, 0.0, 1.0]
      ]
    },
    {
      "file_path": "./images/frame_00047.JPG",
      "transform_matrix": [
        [
          0.05379572247704918, -0.9857194556149657, -0.15957184922569476,
          0.26110725168710974
        ],
        [
          0.11136614814561939, 0.16472889823235076, -0.9800316174156647,
          2.283835421112331
        ],
        [
          0.9923223273162709, 0.03495060670848758, 0.1186374890172932,
          3.096772386400602
        ],
        [0.0, 0.0, 0.0, 1.0]
      ]
    },
    {
      "file_path": "./images/frame_00048.JPG",
      "transform_matrix": [
        [
          0.04489590372793375, -0.9903391014325151, -0.13119764480466292,
          0.2847199837897167
        ],
        [
          0.39654591584236065, 0.13820714051857444, -0.907551719153472,
          2.6076858766058515
        ],
        [
          0.916916405381208, -0.011280535604190737, 0.3989198604472921,
          3.002643607998025
        ],
        [0.0, 0.0, 0.0, 1.0]
      ]
    },
    {
      "file_path": "./images/frame_00050.JPG",
      "transform_matrix": [
        [
          0.020387130086387664, -0.9887482326969907, -0.14819344541989093,
          0.33355526671522895
        ],
        [
          0.6998215242463874, 0.1199707677245902, -0.7041710368177857,
          3.143525861510904
        ],
        [
          0.7140267495887698, -0.08935293632640127, 0.6943931549500949,
          2.66827099074203
        ],
        [0.0, 0.0, 0.0, 1.0]
      ]
    },
    {
      "file_path": "./images/frame_00049.JPG",
      "transform_matrix": [
        [
          0.037406516597258584, -0.9866037189397863, -0.15878870958050473,
          0.3009265142637828
        ],
        [
          0.5740928468713142, 0.1512776967780882, -0.8046940173933854,
          2.8895676544873656
        ],
        [
          0.817935300428615, -0.06105866221675392, 0.5720609094152926,
          2.869366582123604
        ],
        [0.0, 0.0, 0.0, 1.0]
      ]
    },
    {
      "file_path": "./images/frame_00051.JPG",
      "transform_matrix": [
        [
          0.04695410042200127, -0.9847694768476561, -0.1674048682767445,
          0.3403316700272864
        ],
        [
          0.8180029176986697, 0.1340915218534697, -0.5593663293437349,
          3.362498112559844
        ],
        [
          0.5732944610669318, -0.11067312788664649, 0.8118404521048221,
          2.4331474199045022
        ],
        [0.0, 0.0, 0.0, 1.0]
      ]
    },
    {
      "file_path": "./images/frame_00052.JPG",
      "transform_matrix": [
        [
          0.06544501436309455, -0.9845782928685347, -0.16224221185343873,
          0.3769556272820981
        ],
        [
          0.9335229204929621, 0.11784636273926494, -0.3385959121185845,
          3.551513722865248
        ],
        [
          0.3524938396756814, -0.1292974091047741, 0.9268388603147192,
          2.1609631563164524
        ],
        [0.0, 0.0, 0.0, 1.0]
      ]
    },
    {
      "file_path": "./images/frame_00054.JPG",
      "transform_matrix": [
        [
          0.023451928370060094, -0.9857566080257418, -0.16653503171798287,
          0.3845809131070753
        ],
        [
          0.9854800879810299, -0.005225784428818672, 0.1697105988735088,
          3.6922347820278354
        ],
        [
          -0.168163620467172, -0.1680969985177829, 0.9713209540829876,
          1.5932137966799151
        ],
        [0.0, 0.0, 0.0, 1.0]
      ]
    },
    {
      "file_path": "./images/frame_00053.JPG",
      "transform_matrix": [
        [
          0.05172806019969847, -0.9782259590887703, -0.20099298682499367,
          0.36855684895148466
        ],
        [
          0.9952709544846365, 0.06706729848524766, -0.07026880270170349,
          3.6662840287715035
        ],
        [
          0.08221882355772674, -0.19640761298571502, 0.9770691452574055,
          1.8871293777874107
        ],
        [0.0, 0.0, 0.0, 1.0]
      ]
    },
    {
      "file_path": "./images/frame_00055.JPG",
      "transform_matrix": [
        [
          0.030068271917397995, -0.9867824633336456, -0.15923651930723592,
          0.351426840618843
        ],
        [
          0.9184830836601116, -0.03556942043038023, 0.39385738708377577,
          3.689333279995632
        ],
        [
          -0.3943155133317908, -0.15809866029612382, 0.9052734888189631,
          1.3275145487628277
        ],
        [0.0, 0.0, 0.0, 1.0]
      ]
    },
    {
      "file_path": "./images/frame_00056.JPG",
      "transform_matrix": [
        [
          0.03041548765156841, -0.9898422237548367, -0.1388786167233718,
          0.34742750904675973
        ],
        [
          0.7678426815718021, -0.06581445520208219, 0.6372488319668207,
          3.6622507277420167
        ],
        [
          -0.6399160214180775, -0.12601916345751954, 0.7580413286714158,
          1.0744721454660158
        ],
        [0.0, 0.0, 0.0, 1.0]
      ]
    },
    {
      "file_path": "./images/frame_00058.JPG",
      "transform_matrix": [
        [
          -0.032392494180364016, -0.9856071141784578, -0.16591968780584102,
          0.30993225922530565
        ],
        [
          0.4086529454485072, -0.16455724183648898, 0.8977325238262376,
          3.622269432244157
        ],
        [
          -0.9121148483042222, -0.03872377357618876, 0.40810166976255513,
          0.5988385196920394
        ],
        [0.0, 0.0, 0.0, 1.0]
      ]
    },
    {
      "file_path": "./images/frame_00057.JPG",
      "transform_matrix": [
        [
          -0.012088379785938547, -0.9880672129446961, -0.15354821320305614,
          0.31425135666611687
        ],
        [
          0.5791657275325287, -0.13209718433707893, 0.8044360720044395,
          3.650414196872768
        ],
        [
          -0.8151201942817189, -0.07920553385916958, 0.573851507169073,
          0.8193019803319492
        ],
        [0.0, 0.0, 0.0, 1.0]
      ]
    },
    {
      "file_path": "./images/frame_00059.JPG",
      "transform_matrix": [
        [
          -0.06466366302217277, -0.9794446009548029, -0.19106774805037566,
          0.31128261814439057
        ],
        [
          0.2549040527193204, -0.2013285569414686, 0.9457752037705004,
          3.5643416439669475
        ],
        [
          -0.9648018110429836, 0.012453345749347672, 0.2626830401602402,
          0.36919796148983003
        ],
        [0.0, 0.0, 0.0, 1.0]
      ]
    },
    {
      "file_path": "./images/frame_00060.JPG",
      "transform_matrix": [
        [
          -0.06374073266678593, -0.9796989711198263, -0.19007115769062605,
          0.28907027684101344
        ],
        [
          0.09605550100492338, -0.19559699358480462, 0.9759688298441087,
          3.5310915114284693
        ],
        [
          -0.993333005454764, 0.04395158799565035, 0.10657297118343893,
          0.15136446506334733
        ],
        [0.0, 0.0, 0.0, 1.0]
      ]
    },
    {
      "file_path": "./images/frame_00061.JPG",
      "transform_matrix": [
        [
          -0.059552805105391085, -0.9885401863829326, -0.13871468310916488,
          0.26946150807483055
        ],
        [
          -0.09394058798142746, -0.13279461388959898, 0.986681689528906,
          3.536184737881967
        ],
        [
          -0.9937950640518312, 0.07179060125050525, -0.08495575459206961,
          -0.09984489337053402
        ],
        [0.0, 0.0, 0.0, 1.0]
      ]
    },
    {
      "file_path": "./images/frame_00062.JPG",
      "transform_matrix": [
        [
          -0.0442435631658851, -0.9908422304109845, -0.12757030043302311,
          0.240298376528683
        ],
        [
          -0.07749246908105546, -0.12390679278827027, 0.9892633744037257,
          3.5462065534811833
        ],
        [
          -0.9960107551397764, 0.053654274155094904, -0.07130073289091715,
          -0.41836300988521846
        ],
        [0.0, 0.0, 0.0, 1.0]
      ]
    },
    {
      "file_path": "./images/frame_00063.JPG",
      "transform_matrix": [
        [
          -0.04200792101089972, -0.9909565796859359, -0.12743779560826374,
          0.25193130990262674
        ],
        [
          0.21029093430205062, -0.13346258577682302, 0.9684861698280129,
          3.5184193193516635
        ],
        [
          -0.9767359200534772, 0.013885077418428432, 0.21399567075614306,
          -0.8181246862068852
        ],
        [0.0, 0.0, 0.0, 1.0]
      ]
    },
    {
      "file_path": "./images/frame_00065.JPG",
      "transform_matrix": [
        [
          0.015450294036488217, -0.9875457946045872, -0.15657136383445278,
          0.21108245046449212
        ],
        [
          0.6185411641828547, -0.1135920320935656, 0.7774983462723076,
          3.5736524558825677
        ],
        [
          -0.785600481558855, -0.10885841172665021, 0.6090826951825558,
          -1.5448969789489586
        ],
        [0.0, 0.0, 0.0, 1.0]
      ]
    },
    {
      "file_path": "./images/frame_00064.JPG",
      "transform_matrix": [
        [
          -0.023489822128969787, -0.9909413538201388, -0.132225041294984,
          0.20801861459281484
        ],
        [
          0.4533784504192302, -0.12843781523155887, 0.8820157075211311,
          3.506457226050855
        ],
        [
          -0.8910085347244473, -0.03922959224430976, 0.4522884368857314,
          -1.185581752847927
        ],
        [0.0, 0.0, 0.0, 1.0]
      ]
    },
    {
      "file_path": "./images/frame_00067.JPG",
      "transform_matrix": [
        [
          0.050406616722541084, -0.978717888906856, -0.19892326893627554,
          0.21425618259440568
        ],
        [
          0.8365534972053169, -0.06742579582540535, 0.5437205241398052,
          3.836365706974724
        ],
        [
          -0.5455615632576588, -0.1938170683686494, 0.8153511664950519,
          -2.2176298562106207
        ],
        [0.0, 0.0, 0.0, 1.0]
      ]
    },
    {
      "file_path": "./images/frame_00066.JPG",
      "transform_matrix": [
        [
          0.025649302404114258, -0.9797205500943807, -0.1987202984321093,
          0.20382930014781384
        ],
        [
          0.719435172927395, -0.11992905042680306, 0.6841272212232563,
          3.6972295359558114
        ],
        [
          -0.6940858342028826, -0.16051375824672973, 0.701769326896238,
          -1.8814473904843174
        ],
        [0.0, 0.0, 0.0, 1.0]
      ]
    },
    {
      "file_path": "./images/frame_00068.JPG",
      "transform_matrix": [
        [
          0.036081022275519174, -0.9741935601878883, -0.22281173021185582,
          0.22407993523433242
        ],
        [
          0.8674200874243625, -0.08018868673687447, 0.4910724655813304,
          3.94946634663955
        ],
        [
          -0.49626661359018, -0.2109897670690755, 0.8421417733540311,
          -2.5474183491314295
        ],
        [0.0, 0.0, 0.0, 1.0]
      ]
    },
    {
      "file_path": "./images/frame_00071.JPG",
      "transform_matrix": [
        [
          0.010778190787503224, -0.9832872660939377, -0.1817415278379103,
          0.2027649976779303
        ],
        [
          0.6242743362576466, -0.13536354129404107, 0.7693882406031503,
          4.246300339720715
        ],
        [
          -0.7811308364758256, -0.12174918490834424, 0.6123820313176497,
          -3.3677049292107815
        ],
        [0.0, 0.0, 0.0, 1.0]
      ]
    },
    {
      "file_path": "./images/frame_00069.JPG",
      "transform_matrix": [
        [
          0.05173398763032073, -0.9792407899233091, -0.1959874227450313,
          0.21824565020129438
        ],
        [
          0.812635768409913, -0.07279170258764606, 0.5782079867445812,
          4.060899028264537
        ],
        [
          -0.5804711038671055, -0.1891793947150838, 0.7920002867363991,
          -2.8273043099290573
        ],
        [0.0, 0.0, 0.0, 1.0]
      ]
    },
    {
      "file_path": "./images/frame_00070.JPG",
      "transform_matrix": [
        [
          0.01836465666757185, -0.9823187769420049, -0.18631306946278928,
          0.21802153468052607
        ],
        [
          0.7063609050158726, -0.11913512862490871, 0.6977543213715584,
          4.187195911038906
        ],
        [
          -0.7076136030706587, -0.1444182869123242, 0.691683704560596,
          -3.098576627486286
        ],
        [0.0, 0.0, 0.0, 1.0]
      ]
    },
    {
      "file_path": "./images/frame_00073.JPG",
      "transform_matrix": [
        [
          -0.012142442208772, -0.9813359084372032, -0.19191768003218293,
          0.18135650947292586
        ],
        [
          0.3843282377556231, -0.18176879146136118, 0.9051253571270298,
          4.217863673785402
        ],
        [
          -0.9231166593453203, -0.0627689514203073, 0.37936221738166187,
          -3.9046101847214163
        ],
        [0.0, 0.0, 0.0, 1.0]
      ]
    },
    {
      "file_path": "./images/frame_00072.JPG",
      "transform_matrix": [
        [
          -0.028182469906052342, -0.9829587876127346, -0.18165288394324244,
          0.2042692321565962
        ],
        [
          0.5102096219247031, -0.17041596271016018, 0.8429973554816292,
          4.237996300565079
        ],
        [
          -0.8595882096012287, -0.06892330163647094, 0.5063177741360478,
          -3.647382866772054
        ],
        [0.0, 0.0, 0.0, 1.0]
      ]
    },
    {
      "file_path": "./images/frame_00074.JPG",
      "transform_matrix": [
        [
          -0.03734109775817297, -0.9709826309348755, -0.23621679203858773,
          0.19607197751435917
        ],
        [
          0.15440322478355809, -0.23914905996401012, 0.9586278586056051,
          4.201723768078596
        ],
        [
          -0.9873020240000788, -0.0006764178568850804, 0.1588529378520595,
          -4.135908787993137
        ],
        [0.0, 0.0, 0.0, 1.0]
      ]
    },
    {
      "file_path": "./images/frame_00075.JPG",
      "transform_matrix": [
        [
          -0.05134181731848496, -0.9697991725129615, -0.23843989344824504,
          0.16934111700532636
        ],
        [
          -0.06045621375405822, -0.23529875787940732, 0.9700409995247271,
          4.15463157389619
        ],
        [
          -0.9968495693999967, 0.06421884095484107, -0.04654972022964138,
          -4.3221286313576295
        ],
        [0.0, 0.0, 0.0, 1.0]
      ]
    },
    {
      "file_path": "./images/frame_00076.JPG",
      "transform_matrix": [
        [
          -0.09838837110841585, -0.9705013473859856, -0.2201064813962076,
          0.16976067038555362
        ],
        [
          -0.2464435317401472, -0.19052811984740395, 0.9502445060145602,
          4.028608126123033
        ],
        [
          -0.9641500474999082, 0.14773682773567234, -0.22042802824623864,
          -4.471006235975581
        ],
        [0.0, 0.0, 0.0, 1.0]
      ]
    },
    {
      "file_path": "./images/frame_00077.JPG",
      "transform_matrix": [
        [
          -0.09594094167946723, -0.9671024318221506, -0.23560182952035744,
          0.1357665663896159
        ],
        [
          -0.4304504033045655, -0.17310701628545366, 0.8858591373393878,
          3.8686188478917427
        ],
        [
          -0.8975008557124576, 0.1864050623680327, -0.3996815816609215,
          -4.5927558493243446
        ],
        [0.0, 0.0, 0.0, 1.0]
      ]
    },
    {
      "file_path": "./images/frame_00078.JPG",
      "transform_matrix": [
        [
          -0.09913163858696226, -0.9661371235889445, -0.2382267337104388,
          0.12191260607125905
        ],
        [
          -0.5969744305367781, -0.133794914065354, 0.7910249365573336,
          3.6821306657037236
        ],
        [
          -0.7961120822574876, 0.2206308668195023, -0.5634958501090506,
          -4.714255780051383
        ],
        [0.0, 0.0, 0.0, 1.0]
      ]
    },
    {
      "file_path": "./images/frame_00079.JPG",
      "transform_matrix": [
        [
          -0.10899556232316189, -0.9588227856356538, -0.26225718891908967,
          0.09386544702461644
        ],
        [
          -0.6983172068795461, -0.11390540362951575, 0.7066672750311467,
          3.4742891206728794
        ],
        [
          -0.7074411961214917, 0.2601623046674565, -0.6571472660373097,
          -4.79271489493773
        ],
        [0.0, 0.0, 0.0, 1.0]
      ]
    },
    {
      "file_path": "./images/frame_00080.JPG",
      "transform_matrix": [
        [
          -0.14911580004275507, -0.963292567702693, -0.223230614357354,
          0.08015589312469094
        ],
        [
          -0.7257487155404184, -0.046713394134871425, 0.6863721007586433,
          3.2244762248920638
        ],
        [
          -0.6716050030107296, 0.26435825657079964, -0.692142638560727,
          -4.81000591749847
        ],
        [0.0, 0.0, 0.0, 1.0]
      ]
    },
    {
