{
    "fl_x": 1073.0605319116753,
    "fl_y": 1070.2124556532906,
    "cx": 1504.0,
    "cy": 1000.0,
    "w": 3008,
    "h": 2000,
    "camera_model": "OPENCV_FISHEYE",
    "k1": 0.030108529646150725,
    "k2": 0.007121347658342351,
    "k3": -8.905330239041573e-05,
    "k4": 0.00014483391732493403,
    "frames": [
        {
            "file_path": "images/frame_00001.jpeg",
            "transform_matrix": [
                [
                    -0.09072127555895065,
                    -0.9396899641805021,
                    -0.3297763202223645,
                    -0.18703283485757555
                ],
                [
                    -0.9100886436201839,
                    -0.05622670842763576,
                    0.41058156073180785,
                    -2.417113775461695
                ],
                [
                    -0.4043616091007287,
                    0.33737416687980165,
                    -0.850100206215496,
                    -1.9047355928794072
                ],
                [
                    0.0,
                    0.0,
                    0.0,
                    1.0
                ]
            ]
        },
        {
            "file_path": "images/frame_00004.jpeg",
            "transform_matrix": [
                [
                    -0.0360562792814937,
                    -0.9381942210314337,
                    -0.34422601346730985,
                    -0.17087019652686267
                ],
                [
                    -0.9780478254852599,
                    -0.03761175468781073,
                    0.20495806149761017,
                    -2.186546269331858
                ],
                [
                    -0.20523741322655856,
                    0.3440595290535136,
                    -0.91624267783134,
                    -1.5597242890993999
                ],
                [
                    0.0,
                    0.0,
                    0.0,
                    1.0
                ]
            ]
        },
        {
            "file_path": "images/frame_00002.jpeg",
            "transform_matrix": [
                [
                    -0.08664930710047347,
                    -0.9399905651592846,
                    -0.33001459814762185,
                    -0.18958226331238343
                ],
                [
                    -0.9217518596377796,
                    -0.05003682622196653,
                    0.38453845747327636,
                    -2.380069037921969
                ],
                [
                    -0.37797540506400934,
                    0.3375115604437295,
                    -0.8621023951558979,
                    -1.857342745251708
                ],
                [
                    0.0,
                    0.0,
                    0.0,
                    1.0
                ]
            ]
        },
        {
            "file_path": "images/frame_00005.jpeg",
            "transform_matrix": [
                [
                    4.2518886748991796e-05,
                    -0.9410202548750534,
                    -0.3383502299497281,
                    -0.13693061475104684
                ],
                [
                    -0.9968204154027044,
                    -0.026999959862408007,
                    0.07496707012954161,
                    -2.0676123777219138
                ],
                [
                    -0.07968097406861643,
                    0.3372712292537238,
                    -0.9380293493751451,
                    -1.3039885645803788
                ],
                [
                    0.0,
                    0.0,
                    0.0,
                    1.0
                ]
            ]
        },
        {
            "file_path": "images/frame_00003.jpeg",
            "transform_matrix": [
                [
                    -0.07326035527585466,
                    -0.9393984502036561,
                    -0.3349081547227902,
                    -0.19097980674314755
                ],
                [
                    -0.9488350541850812,
                    -0.03777240084783118,
                    0.3135048415635455,
                    -2.2968052868311495
                ],
                [
                    -0.3071562473635342,
                    0.3407400732070703,
                    -0.8885669598946333,
                    -1.7480222574291508
                ],
                [
                    0.0,
                    0.0,
                    0.0,
                    1.0
                ]
            ]
        },
        {
            "file_path": "images/frame_00006.jpeg",
            "transform_matrix": [
                [
                    0.009718415863204283,
                    -0.9421687135019076,
                    -0.3349980114736057,
                    -0.1262192238288932
                ],
                [
                    -0.9973313393196857,
                    0.015109427382434537,
                    -0.07142761941277771,
                    -1.9285268895529442
                ],
                [
                    0.07235849641826107,
                    0.3347981787619747,
                    -0.9395075452032052,
                    -1.0310842692506788
                ],
                [
                    0.0,
                    0.0,
                    0.0,
                    1.0
                ]
            ]
        },
        {
            "file_path": "images/frame_00007.jpeg",
            "transform_matrix": [
                [
                    0.004962676953520311,
                    -0.9441144651579321,
                    -0.3295804128236494,
                    -0.10322816126275002
                ],
                [
                    -0.9755445796377227,
                    0.06785477563601193,
                    -0.209065785251545,
                    -1.7463550770734473
                ],
                [
                    0.21974563699175842,
                    0.32255791123911165,
                    -0.9206890077111529,
                    -0.7772475520473571
                ],
                [
                    0.0,
                    0.0,
                    0.0,
                    1.0
                ]
            ]
        },
        {
            "file_path": "images/frame_00008.jpeg",
            "transform_matrix": [
                [
                    0.010980565479989601,
                    -0.9451823996526808,
                    -0.3263581752745588,
                    -0.04539046599718365
                ],
                [
                    -0.9491754686529811,
                    0.09281790326186623,
                    -0.3007503392208616,
                    -1.5381173622971023
                ],
                [
                    0.3145558088624849,
                    0.3130735827579051,
                    -0.8961247540884003,
                    -0.5237430849736557
                ],
                [
                    0.0,
                    0.0,
                    0.0,
                    1.0
                ]
            ]
        },
        {
            "file_path": "images/frame_00010.jpeg",
            "transform_matrix": [
                [
                    0.0015960686535203222,
                    -0.9593169677701758,
                    -0.2823267750552336,
                    0.03633714226254247
                ],
                [
                    -0.9160300094357833,
                    0.11184084082796371,
                    -0.38520208739825434,
                    -1.0391069921078349
                ],
                [
                    0.40110656237206044,
                    0.259234607394787,
                    -0.8785846253781924,
                    0.015702236555853576
                ],
                [
                    0.0,
                    0.0,
                    0.0,
                    1.0
                ]
            ]
        },
        {
            "file_path": "images/frame_00009.jpeg",
            "transform_matrix": [
                [
                    0.005092538913761826,
                    -0.9521947005252565,
                    -0.3054493711550718,
                    0.021036547849433696
                ],
                [
                    -0.9279391858001506,
                    0.1093431913879056,
                    -0.3563326170218801,
                    -1.294439036050352
                ],
                [
                    0.37269683860205444,
                    0.2852530784912319,
                    -0.8830219406715268,
                    -0.25546770337633856
                ],
                [
                    0.0,
                    0.0,
                    0.0,
                    1.0
                ]
            ]
        },
        {
            "file_path": "images/frame_00011.jpeg",
            "transform_matrix": [
                [
                    0.011336482508045465,
                    -0.9610264369029873,
                    -0.27622395214371476,
                    0.023237545961261128
                ],
                [
                    -0.890341447444227,
                    0.11603890555130808,
                    -0.4402579691060378,
                    -0.777008659914012
                ],
                [
                    0.4551522724619345,
                    0.25092461013619816,
                    -0.8543261958413387,
                    0.24794579162656127
                ],
                [
                    0.0,
                    0.0,
                    0.0,
                    1.0
                ]
            ]
        },
        {
            "file_path": "images/frame_00012.jpeg",
            "transform_matrix": [
                [
                    0.03262789500451823,
                    -0.9650529723177135,
                    -0.2600157323861779,
                    0.03171687460167038
                ],
                [
                    -0.8271042569845891,
                    0.1199791636387835,
                    -0.549093387658701,
                    -0.4750736854563212
                ],
                [
                    0.5611006759446513,
                    0.23297588053977675,
                    -0.7942847540656756,
                    0.4000551875628736
                ],
                [
                    0.0,
                    0.0,
                    0.0,
                    1.0
                ]
            ]
        },
        {
            "file_path": "images/frame_00013.jpeg",
            "transform_matrix": [
                [
                    0.06952034771695555,
                    -0.9671286300790708,
                    -0.24459994712733113,
                    0.036827601713924296
                ],
                [
                    -0.7174144305738442,
                    0.12190285663471216,
                    -0.6858981180530415,
                    -0.13675112047763824
                ],
                [
                    0.6931691395739721,
                    0.22316340745219948,
                    -0.6853573064589034,
                    0.47976560809223107
                ],
                [
                    0.0,
                    0.0,
                    0.0,
                    1.0
                ]
            ]
        },
        {
            "file_path": "images/frame_00014.jpeg",
            "transform_matrix": [
                [
                    0.08142026362848818,
                    -0.9714170430587736,
                    -0.22297907777550866,
                    0.02660205764574442
                ],
                [
                    -0.5534613836425293,
                    0.14199048613715948,
                    -0.8206821544684824,
                    0.179319079532722
                ],
                [
                    0.8288855394366369,
                    0.19023046628098766,
                    -0.5260809179312186,
                    0.4609255482090643
                ],
                [
                    0.0,
                    0.0,
                    0.0,
                    1.0
                ]
            ]
        },
        {
            "file_path": "images/frame_00015.jpeg",
            "transform_matrix": [
                [
                    0.07833619187782624,
                    -0.9751919089402437,
                    -0.20703666771749415,
                    0.007724273423283173
                ],
                [
                    -0.3708442956073519,
                    0.16426688010760862,
                    -0.9140519134683757,
                    0.4351688005054359
                ],
                [
                    0.9253852978395359,
                    0.14838171328434044,
                    -0.34877631471365195,
                    0.3385409404985552
                ],
                [
                    0.0,
                    0.0,
                    0.0,
                    1.0
                ]
            ]
        },
        {
            "file_path": "images/frame_00016.jpeg",
            "transform_matrix": [
                [
                    0.07618935764523777,
                    -0.9768641534189586,
                    -0.19982894571774976,
                    -0.003394202765138252
                ],
                [
                    -0.2018557849187458,
                    0.1811505397702293,
                    -0.962516869481149,
                    0.624844055674773
                ],
                [
                    0.9764473482356553,
                    0.11367017069581578,
                    -0.1833839371851882,
                    0.12434339218891385
                ],
                [
                    0.0,
                    0.0,
                    0.0,
                    1.0
                ]
            ]
        },
        {
            "file_path": "images/frame_00017.jpeg",
            "transform_matrix": [
                [
                    0.0744282016535859,
                    -0.9793292882087469,
                    -0.18808133361703439,
                    -0.012668944519611796
                ],
                [
                    -0.038520371013274435,
                    0.18564031300387246,
                    -0.981862442099108,
                    0.7492122547097274
                ],
                [
                    0.9964821241826732,
                    0.08032321858823434,
                    -0.02390725287467982,
                    -0.15255491989903083
                ],
                [
                    0.0,
                    0.0,
                    0.0,
                    1.0
                ]
            ]
        },
        {
            "file_path": "images/frame_00018.jpeg",
            "transform_matrix": [
                [
                    0.06162112807280203,
                    -0.9813659671091145,
                    -0.1819991076215139,
                    -0.028559833391687297
                ],
                [
                    0.09016172991699244,
                    0.18707325124193386,
                    -0.9781996018850893,
                    0.8286868453978972
                ],
                [
                    0.9940189631155989,
                    0.043868408562020504,
                    0.10000931804999472,
                    -0.4451357607565289
                ],
                [
                    0.0,
                    0.0,
                    0.0,
                    1.0
                ]
            ]
        },
        {
            "file_path": "images/frame_00019.jpeg",
            "transform_matrix": [
                [
                    0.057828597331270874,
                    -0.9834337187575345,
                    -0.17179631585521335,
                    -0.05836522640762181
                ],
                [
                    0.212533223906082,
                    0.18026692928795532,
                    -0.9603819359719229,
                    0.864064270427831
                ],
                [
                    0.9754411730426317,
                    0.019025115395650653,
                    0.2194369224114238,
                    -0.7163732731146089
                ],
                [
                    0.0,
                    0.0,
                    0.0,
                    1.0
                ]
            ]
        },
        {
            "file_path": "images/frame_00020.jpeg",
            "transform_matrix": [
                [
                    0.07269380519667287,
                    -0.9836391563821915,
                    -0.16483209856626566,
                    -0.08110325614604204
                ],
                [
                    0.3378805402794688,
                    0.1797847569044706,
                    -0.9238583125594826,
                    0.8838597600988012
                ],
                [
                    0.938377509953474,
                    0.01146521768355748,
                    0.3454217676942004,
                    -0.9424886917143268
                ],
                [
                    0.0,
                    0.0,
                    0.0,
                    1.0
                ]
            ]
        },
        {
            "file_path": "images/frame_00021.jpeg",
            "transform_matrix": [
                [
                    0.08457757565279611,
                    -0.9827908206052357,
                    -0.1642219127606994,
                    -0.08689730274381756
                ],
                [
                    0.44127729220399853,
                    0.18471314435566566,
                    -0.8781545454459312,
                    0.9405799337660017
                ],
                [
                    0.8933761722151551,
                    0.001804781518697344,
                    0.4493058620604312,
                    -1.114674044015827
                ],
                [
                    0.0,
                    0.0,
                    0.0,
                    1.0
                ]
            ]
        },
        {
            "file_path": "images/frame_00022.jpeg",
            "transform_matrix": [
                [
                    0.11007692864594772,
                    -0.9809097932937793,
                    -0.16030922369043474,
                    -0.08744176347490527
                ],
                [
                    0.5531998792550478,
                    0.19446270640221391,
                    -0.8100334248726572,
                    1.0557009766568177
                ],
                [
                    0.8257438848529703,
                    0.0004829483215211526,
                    0.5640450366671471,
                    -1.2625150877704914
                ],
                [
                    0.0,
                    0.0,
                    0.0,
                    1.0
                ]
            ]
        },
        {
            "file_path": "images/frame_00023.jpeg",
            "transform_matrix": [
                [
                    0.09247413058703224,
                    -0.9874998453926074,
                    -0.1276424322932981,
                    -0.10887658756710324
                ],
                [
                    0.6577935943698261,
                    0.15682228772682158,
                    -0.7366914939634848,
                    1.238924513939477
                ],
                [
                    0.7474999146342407,
                    -0.01583746891718059,
                    0.6640730774546578,
                    -1.3613476309739831
                ],
                [
                    0.0,
                    0.0,
                    0.0,
                    1.0
                ]
            ]
        },
        {
            "file_path": "images/frame_00025.jpeg",
            "transform_matrix": [
                [
                    0.027929240011384353,
                    -0.9903816010214926,
                    -0.135514729496435,
                    -0.16446157389460558
                ],
                [
                    0.8327476324733795,
                    0.09804336162825977,
                    -0.5449026333672942,
                    1.633768014141769
                ],
                [
                    0.5529478620651028,
                    -0.09763085372327618,
                    0.8274762100742816,
                    -1.4556602820710567
                ],
                [
                    0.0,
                    0.0,
                    0.0,
                    1.0
                ]
            ]
        },
        {
            "file_path": "images/frame_00024.jpeg",
            "transform_matrix": [
                [
                    0.05391508438863541,
                    -0.9887459335942155,
                    -0.1395515764019502,
                    -0.13939008476016826
                ],
                [
                    0.7493207165474342,
                    0.13243526619812818,
                    -0.6488292256209418,
                    1.448958841037524
                ],
                [
                    0.6600088085989506,
                    -0.06958720477166729,
                    0.7480280699972826,
                    -1.4010310388002147
                ],
                [
                    0.0,
                    0.0,
                    0.0,
                    1.0
                ]
            ]
        },
        {
            "file_path": "images/frame_00026.jpeg",
            "transform_matrix": [
                [
                    0.013437550325841438,
                    -0.9924449123884662,
                    -0.12195297501697086,
                    -0.16453456855280726
                ],
                [
                    0.8967711333290991,
                    0.06590991992335388,
                    -0.4375584725306324,
                    1.8168576770785065
                ],
                [
                    0.442290590753278,
                    -0.10348419362369556,
                    0.8908816167152456,
                    -1.5271132223003234
                ],
                [
                    0.0,
                    0.0,
                    0.0,
                    1.0
                ]
            ]
        },
        {
            "file_path": "images/frame_00027.jpeg",
            "transform_matrix": [
                [
                    -0.03512658859150342,
                    -0.9951479489727798,
                    -0.09190583457644455,
                    -0.18598426559201486
                ],
                [
                    0.9506630986456202,
                    -0.004909437235632384,
                    -0.310186347700116,
                    2.0002476172088497
                ],
                [
                    0.3082301017866865,
                    -0.09826727370441755,
                    0.9462228845632884,
                    -1.584506058347125
                ],
                [
                    0.0,
                    0.0,
                    0.0,
                    1.0
                ]
            ]
        },
        {
            "file_path": "images/frame_00028.jpeg",
            "transform_matrix": [
                [
                    -0.07664491788540595,
                    -0.9902298320605437,
                    -0.11649221544672678,
                    -0.2085348955872509
                ],
                [
                    0.9899448601810764,
                    -0.06164536096213595,
                    -0.12731466244277273,
                    2.140901689474797
                ],
                [
                    0.11888957213905928,
                    -0.12507889178112824,
                    0.9849977362752648,
                    -1.615399603900976
                ],
                [
                    0.0,
                    0.0,
                    0.0,
                    1.0
                ]
            ]
        },
        {
            "file_path": "images/frame_00029.jpeg",
            "transform_matrix": [
                [
                    -0.08152593161523244,
                    -0.9885855279913619,
                    -0.1266971835531828,
                    -0.22415605156709845
                ],
                [
                    0.9941965245922573,
                    -0.08961627240995515,
                    0.059516335640072374,
                    2.26251041409992
                ],
                [
                    -0.07019111740772817,
                    -0.12110977485481988,
                    0.9901543462873197,
                    -1.5906451680130542
                ],
                [
                    0.0,
                    0.0,
                    0.0,
                    1.0
                ]
            ]
        },
        {
            "file_path": "images/frame_00031.jpeg",
            "transform_matrix": [
                [
                    -0.13353962329545377,
                    -0.982307330655405,
                    -0.1312991894520336,
                    -0.20601373945727874
                ],
                [
                    0.8699986038399409,
                    -0.17964532452809906,
                    0.45916226618892303,
                    2.6078888766033725
                ],
                [
                    -0.47462574553711445,
                    -0.052913755450229485,
                    0.8785957751762138,
                    -1.3278168206870875
                ],
                [
                    0.0,
                    0.0,
                    0.0,
                    1.0
                ]
            ]
        },
        {
            "file_path": "images/frame_00030.jpeg",
            "transform_matrix": [
                [
                    -0.10502322445102523,
                    -0.9883823601753636,
                    -0.10986551970517039,
                    -0.22603380717198895
                ],
                [
                    0.9588208533905311,
                    -0.12995326941119512,
                    0.2525365693771792,
                    2.4129940867732103
                ],
                [
                    -0.26388007395285284,
                    -0.07881914655411427,
                    0.961329729441006,
                    -1.5043175970920737
                ],
                [
                    0.0,
                    0.0,
                    0.0,
                    1.0
                ]
            ]
        },
        {
            "file_path": "images/frame_00032.jpeg",
            "transform_matrix": [
                [
                    -0.14909331684049154,
                    -0.9725890254255446,
                    -0.17844262521967721,
                    -0.17906753768177544
                ],
                [
                    0.7455434482687269,
                    -0.22911183320346973,
                    0.625837626409376,
                    2.7708664224180737
                ],
                [
                    -0.649566124129851,
                    -0.03972852259944799,
                    0.7592664189037918,
                    -1.0961504226045689
                ],
                [
                    0.0,
                    0.0,
                    0.0,
                    1.0
                ]
            ]
        },
        {
            "file_path": "images/frame_00033.jpeg",
            "transform_matrix": [
                [
                    -0.16147957948471872,
                    -0.9673515780529851,
                    -0.19533373965559017,
                    -0.15249940739386728
                ],
                [
                    0.6452206387035109,
                    -0.25325484345596055,
                    0.720799772237152,
                    2.9088184629904155
                ],
                [
                    -0.746736012791985,
                    -0.009638916147388864,
                    0.6650506886659332,
                    -0.8511350319555647
                ],
                [
                    0.0,
                    0.0,
                    0.0,
                    1.0
                ]
            ]
        },
        {
            "file_path": "images/frame_00035.jpeg",
            "transform_matrix": [
                [
                    -0.17546788312838593,
                    -0.9580982995772572,
                    -0.2264037772158655,
                    -0.06582760040847535
                ],
                [
                    0.3715548114169444,
                    -0.277412874842647,
                    0.8859961167998743,
                    3.193268424132801
                ],
                [
                    -0.9116786956507001,
                    0.0713424503273194,
                    0.4046630829195221,
                    -0.3474537360758282
                ],
                [
                    0.0,
                    0.0,
                    0.0,
                    1.0
                ]
            ]
        },
        {
            "file_path": "images/frame_00034.jpeg",
            "transform_matrix": [
                [
                    -0.1637419073426579,
                    -0.9653180074367486,
                    -0.20334633583650796,
                    -0.11996150603682813
                ],
                [
                    0.5242272554806856,
                    -0.2597595443403739,
                    0.8109936890847358,
                    3.0511375422154283
                ],
                [
                    -0.8356879635312313,
                    0.02619396194596673,
                    0.5485795329454033,
                    -0.6059843396598205
                ],
                [
                    0.0,
                    0.0,
                    0.0,
                    1.0
                ]
            ]
        },
        {
            "file_path": "images/frame_00037.jpeg",
            "transform_matrix": [
                [
                    -0.18665820292725308,
                    -0.9367648320571911,
                    -0.2960242637028783,
                    -0.024076158933757478
                ],
                [
                    0.06465777238384081,
                    -0.3123805392605469,
                    0.9477540668135639,
                    3.5126584746004745
                ],
                [
                    -0.9802948983598396,
                    0.15776580146582078,
                    0.11887751737616062,
                    0.06384962993765206
                ],
                [
                    0.0,
                    0.0,
                    0.0,
                    1.0
                ]
            ]
        },
        {
            "file_path": "images/frame_00036.jpeg",
            "transform_matrix": [
                [
                    -0.17756832188100802,
                    -0.9450088559807576,
                    -0.2746411352698327,
                    -0.027344675748266063
                ],
                [
                    0.21142606197686972,
                    -0.3091925571534608,
                    0.9271995378114987,
                    3.351821523460172
                ],
                [
                    -0.9611287694067405,
                    0.10657497229107654,
                    0.2547023044651161,
                    -0.10214026349498324
                ],
                [
                    0.0,
                    0.0,
                    0.0,
                    1.0
                ]
            ]
        },
        {
            "file_path": "images/frame_00038.jpeg",
            "transform_matrix": [
                [
                    -0.1832537357358756,
                    -0.931510010296843,
                    -0.3141769709186542,
                    -0.009161111837628981
                ],
                [
                    -0.10584624697120469,
                    -0.2990350584521174,
                    0.9483536290955229,
                    3.6560144212765406
                ],
                [
                    -0.9773508276667884,
                    0.2070437985869505,
                    -0.04379754702868262,
                    0.17551491990297088
                ],
                [
                    0.0,
                    0.0,
                    0.0,
                    1.0
                ]
            ]
        },
        {
            "file_path": "images/frame_00039.jpeg",
            "transform_matrix": [
                [
                    -0.17794807567554055,
                    -0.9245337503885047,
                    -0.3370041939738111,
                    0.014830078625032973
                ],
                [
                    -0.2609568028923917,
                    -0.28587210571980354,
                    0.9220513468324345,
                    3.784794138137479
                ],
                [
                    -0.9488076883054612,
                    0.25202079986360537,
                    -0.19039298056534298,
                    0.2508266248597617
                ],
                [
                    0.0,
                    0.0,
                    0.0,
                    1.0
                ]
            ]
        },
        {
            "file_path": "images/frame_00040.jpeg",
            "transform_matrix": [
                [
                    -0.17379128670710278,
                    -0.9157458038779053,
                    -0.3622239795274447,
                    0.03359744508159599
                ],
                [
                    -0.4153679543358244,
                    -0.2653377672435053,
                    0.8700950130790908,
                    3.894583009967381
                ],
                [
                    -0.8928975591721379,
                    0.3016711652681451,
                    -0.334258069267142,
                    0.34018934789723243
                ],
                [
                    0.0,
                    0.0,
                    0.0,
                    1.0
                ]
            ]
        },
        {
            "file_path": "images/frame_00041.jpeg",
            "transform_matrix": [
                [
                    -0.15868919994822125,
                    -0.9064398832239324,
                    -0.39138788422839194,
                    0.05900554363723203
                ],
                [
                    -0.5787874877571465,
                    -0.23574958450369526,
                    0.7806581693815198,
                    3.991592487156264
                ],
                [
                    -0.7998892309786176,
                    0.35041243058333227,
                    -0.4872251498610441,
                    0.456061234801941
                ],
                [
                    0.0,
                    0.0,
                    0.0,
                    1.0
                ]
            ]
        },
        {
            "file_path": "images/frame_00042.jpeg",
            "transform_matrix": [
                [
                    -0.12531937435305043,
                    -0.9055422156677174,
                    -0.4053249931294162,
                    0.08127775033091968
                ],
                [
                    -0.7372037780549908,
                    -0.18841400532912023,
                    0.6488688251236037,
                    4.066362770439761
                ],
                [
                    -0.6639470189956483,
                    0.3801229514768078,
                    -0.6439572173113309,
                    0.5846896994577712
                ],
                [
                    0.0,
                    0.0,
                    0.0,
                    1.0
                ]
            ]
        },
        {
            "file_path": "images/frame_00043.jpeg",
            "transform_matrix": [
                [
                    -0.08475767579005797,
                    -0.90770599974132,
                    -0.41095736327297727,
                    0.10247374359139992
                ],
                [
                    -0.8406939560306007,
                    -0.1562384564353223,
                    0.5184816457931041,
                    4.086343543567009
                ],
                [
                    -0.5348362447406546,
                    0.3894346707270917,
                    -0.7498605393987579,
                    0.7296254940648099
                ],
                [
                    0.0,
                    0.0,
                    0.0,
                    1.0
                ]
            ]
        },
        {
            "file_path": "images/frame_00044.jpeg",
            "transform_matrix": [
                [
                    -0.08424801238926365,
                    -0.9141751334332445,
                    -0.3964670198399458,
                    0.11631072878960069
                ],
                [
                    -0.8751848737338823,
                    -0.12233937036536109,
                    0.4680646485754024,
                    4.024722224573669
                ],
                [
                    -0.47639658814465324,
                    0.38641545501042857,
                    -0.7897653999341934,
                    0.8866012031357123
                ],
                [
                    0.0,
                    0.0,
                    0.0,
                    1.0
                ]
            ]
        },
        {
            "file_path": "images/frame_00045.jpeg",
            "transform_matrix": [
                [
                    -0.11765383958193353,
                    -0.9216076200907767,
                    -0.3698607422020389,
                    0.11859193124803444
                ],
                [
                    -0.8281563712021469,
                    -0.1144743112009583,
                    0.5486826559244952,
                    3.861490324657138
                ],
                [
                    -0.5480096704155143,
                    0.370857151293703,
                    -0.7497668800803348,
                    1.0284498397028845
                ],
                [
                    0.0,
                    0.0,
                    0.0,
                    1.0
                ]
            ]
        },
        {
            "file_path": "images/frame_00046.jpeg",
            "transform_matrix": [
                [
                    -0.14450367035918582,
                    -0.9278818907144964,
                    -0.3437351976984825,
                    0.14012570508399086
                ],
                [
                    -0.757908178135768,
                    -0.11954317038531537,
                    0.6413147619766348,
                    3.602263554429249
                ],
                [
                    -0.6361555491918969,
                    0.3531920544099464,
                    -0.6859748464295444,
                    1.1476713454142944
                ],
                [
                    0.0,
                    0.0,
                    0.0,
                    1.0
                ]
            ]
        },
        {
            "file_path": "images/frame_00047.jpeg",
            "transform_matrix": [
                [
                    -0.17551960917983486,
                    -0.933826135259023,
                    -0.31170758075567406,
                    0.16860840390072138
                ],
                [
