{
  "camera_angle_x": 1.360856009105127,
  "camera_angle_y": 0.8600088946463631,
  "fl_x": 1186.1084296895365,
  "fl_y": 1177.428932685267,
  "k1": 0.005481395875745912,
  "k2": -0.0016165414736842632,
  "p1": -0.0015310637535195357,
  "p2": 0.0010920058716092206,
  "cx": 960.0,
  "cy": 540.0,
  "w": 1920.0,
  "h": 1080.0,
  "aabb_scale": 16,
  "frames": [
    {
      "file_path": "./images/0236.png",
      "sharpness": 332.929122686242,
      "transform_matrix": [
        [
          -0.9989057884550555, -0.016988012669353108, -0.04357330853320313,
          -0.17315019041808777
        ],
        [
          0.0007945690406420993, -0.937725048498435, 0.34737746340061776,
          0.16330286508035693
        ],
        [
          -0.046761035606832625, 0.3469627369677524, 0.9367124770733133,
          0.5977329022619334
        ],
        [0.0, 0.0, 0.0, 1.0]
      ]
    },
    {
      "file_path": "./images/0235.png",
      "sharpness": 331.1287174604228,
      "transform_matrix": [
        [
          -0.9992267605415609, -0.0018196064264418626, -0.039275565560164816,
          -0.17239196406754273
        ],
        [
          -0.012293760614254879, -0.9343821796001056, 0.35606011556437406,
          0.18544011288558504
        ],
        [
          -0.03734627782761421, 0.35626764023442953, 0.9336373086237575,
          0.6665852298531258
        ],
        [0.0, 0.0, 0.0, 1.0]
      ]
    },
    {
      "file_path": "./images/0234.png",
      "sharpness": 340.06249056424855,
      "transform_matrix": [
        [
          -0.9992828644770493, 0.003862361132862525, -0.037667478400103184,
          -0.1788012325453815
        ],
        [
          -0.0170996774884214, -0.933600043029796, 0.3579085926386159,
          0.21034502635073457
        ],
        [
          -0.033783987217835335, 0.3582960254053094, 0.932996570404427,
          0.7334453941722152
        ],
        [0.0, 0.0, 0.0, 1.0]
      ]
    },
    {
      "file_path": "./images/0233.png",
      "sharpness": 327.3883872791164,
      "transform_matrix": [
        [
          -0.9992751473887563, 0.004485209069728224, -0.03780294579500675,
          -0.1876248985878877
        ],
        [
          -0.01757043389579633, -0.9352749665995767, 0.3534855254531286,
          0.2223687172274974
        ],
        [
          -0.03377069238101052, 0.35389351470712455, 0.9346758371672744,
          0.8062659563151805
        ],
        [0.0, 0.0, 0.0, 1.0]
      ]
    },
    {
      "file_path": "./images/0232.png",
      "sharpness": 336.1856388301033,
      "transform_matrix": [
        [
          -0.9992304269223136, 0.0055297074760514075, -0.038832669852584184,
          -0.1926353657489511
        ],
        [
          -0.018705634530981032, -0.9373640963932891, 0.34784860216707175,
          0.24116871734326464
        ],
        [
          -0.03447684947096922, 0.348307296977858, 0.9367461629078254,
          0.8756754168704792
        ],
        [0.0, 0.0, 0.0, 1.0]
      ]
    },
    {
      "file_path": "./images/0231.png",
      "sharpness": 340.15947879827075,
      "transform_matrix": [
        [
          -0.9991617677590272, 0.007245274363779249, -0.04028979831233324,
          -0.19769412206839093
        ],
        [
          -0.020630623917087573, -0.9392074609118027, 0.34272981009010006,
          0.2694064005059781
        ],
        [
          -0.03535730766682641, 0.3432737265900172, 0.9385696614676796,
          0.944978085583071
        ],
        [0.0, 0.0, 0.0, 1.0]
      ]
    },
    {
      "file_path": "./images/0230.png",
      "sharpness": 346.403537703733,
      "transform_matrix": [
        [
          -0.9990908941470921, 0.009035975757535435, -0.04166216958432069,
          -0.20277917523168443
        ],
        [
          -0.02254932460545432, -0.9413863252618623, 0.3365758674798372,
          0.2847108995290203
        ],
        [
          -0.036178905348300906, 0.3372093381744882, 0.9407342605942028,
          1.019904046676774
        ],
        [0.0, 0.0, 0.0, 1.0]
      ]
    },
    {
      "file_path": "./images/0229.png",
      "sharpness": 342.0537565460465,
      "transform_matrix": [
        [
          -0.9990004017791339, 0.010818483180459016, -0.04337231451978428,
          -0.2115373719115302
        ],
        [
          -0.0246029278735671, -0.9431598702075418, 0.3314274508397592,
          0.29888987978249937
        ],
        [
          -0.03732148423062808, 0.3321632424753936, 0.9424832556406803,
          1.093805716482586
        ],
        [0.0, 0.0, 0.0, 1.0]
      ]
    },
    {
      "file_path": "./images/0228.png",
      "sharpness": 340.24927018265447,
      "transform_matrix": [
        [
          -0.9989018299929986, 0.011721687418185696, -0.04536227596482279,
          -0.22059302610958526
        ],
        [
          -0.02602213689775403, -0.943933865383469, 0.3291074386480767,
          0.3279196067598895
        ],
        [
          -0.03896129397123434, 0.3299264460850226, 0.9432022888785807,
          1.1629849553355573
        ],
        [0.0, 0.0, 0.0, 1.0]
      ]
    },
    {
      "file_path": "./images/0227.png",
      "sharpness": 340.9919777888503,
      "transform_matrix": [
        [
          -0.9988764957679717, 0.009718246767574549, -0.04638212890825593,
          -0.23211974899318688
        ],
        [
          -0.024507285714939864, -0.9436391441698584, 0.33006750603060486,
          0.3442675165728604
        ],
        [
          -0.04056031495419936, 0.3308333738759462, 0.9428171294480572,
          1.2396253011338705
        ],
        [0.0, 0.0, 0.0, 1.0]
      ]
    },
    {
      "file_path": "./images/0226.png",
      "sharpness": 331.09983095099693,
      "transform_matrix": [
        [
          -0.998849687844239, 0.007041159204666177, -0.04743124677383891,
          -0.2390751848857056
        ],
        [
          -0.022404163260921598, -0.9430813127630817, 0.33180670726439554,
          0.3564289392799909
        ],
        [
          -0.042395218622437, 0.3324876833720563, 0.9421542261455068,
          1.3162567800621252
        ],
        [0.0, 0.0, 0.0, 1.0]
      ]
    },
    {
      "file_path": "./images/0225.png",
      "sharpness": 342.37800053976963,
      "transform_matrix": [
        [
          -0.9987900584721731, 0.004861104242512719, -0.04893657898439414,
          -0.2428882918838065
        ],
        [
          -0.0209541678306049, -0.9423162293964623, 0.33406742832332614,
          0.37954807860961176
        ],
        [
          -0.04448979599502861, 0.3346886515577981, 0.94127794225231,
          1.3727986875337794
        ],
        [0.0, 0.0, 0.0, 1.0]
      ]
    },
    {
      "file_path": "./images/0224.png",
      "sharpness": 342.90033748249937,
      "transform_matrix": [
        [
          -0.998733660249651, 0.0010470108584123498, -0.05029890309535836,
          -0.24487073548437038
        ],
        [
          -0.017953618199308307, -0.941372410693088, 0.3368911574669745,
          0.4056044071340107
        ],
        [
          -0.04699727096212449, 0.3373675861047512, 0.9401991110227478,
          1.4465654787798519
        ],
        [0.0, 0.0, 0.0, 1.0]
      ]
    },
    {
      "file_path": "./images/0223.png",
      "sharpness": 332.77488294746297,
      "transform_matrix": [
        [
          -0.998612977559757, -0.0026892954656856705, -0.0525822093405583,
          -0.2467729067431745
        ],
        [
          -0.015424631933302447, -0.9399335466192336, 0.3410088102520387,
          0.4173140805380949
        ],
        [
          -0.050340855961715635, 0.34134688460521656, 0.9385883563050175,
          1.5247878779782225
        ],
        [0.0, 0.0, 0.0, 1.0]
      ]
    },
    {
      "file_path": "./images/0222.png",
      "sharpness": 325.5653679075118,
      "transform_matrix": [
        [
          -0.998402648580796, -0.0058431941359921805, -0.05619615991454106,
          -0.24965040482208073
        ],
        [
          -0.014060062836189675, -0.9376515821490429, 0.34729213225530864,
          0.4411813697665493
        ],
        [
          -0.054721713605240495, 0.3475275062145233, 0.9360716673868625,
          1.5982049514971732
        ],
        [0.0, 0.0, 0.0, 1.0]
      ]
    },
    {
      "file_path": "./images/0221.png",
      "sharpness": 315.8588234831629,
      "transform_matrix": [
        [
          -0.9981980254831155, -0.00932153067540557, -0.05927740705763349,
          -0.25743189340290346
        ],
        [
          -0.012247908354369483, -0.9354132485299815, 0.353344086147667,
          0.4669043393480025
        ],
        [
          -0.058742579638213624, 0.35343339335786367, 0.9336134884399396,
          1.6751267450500695
        ],
        [0.0, 0.0, 0.0, 1.0]
      ]
    },
    {
      "file_path": "./images/0220.png",
      "sharpness": 296.6509428907775,
      "transform_matrix": [
        [
          -0.9980378630553635, -0.012517594657077993, -0.061349276539210316,
          -0.2655439721542578
        ],
        [
          -0.010391198325000099, -0.9331119572780557, 0.3594358053701474,
          0.47907948608586215
        ],
        [
          -0.06174501522595913, 0.3593680355968197, 0.9311509910245644,
          1.7556429678665026
        ],
        [0.0, 0.0, 0.0, 1.0]
      ]
    },
    {
      "file_path": "./images/0219.png",
      "sharpness": 305.65644771304505,
      "transform_matrix": [
        [
          -0.9979690186512687, -0.013386753611492731, -0.06227866922123756,
          -0.26963940832263866
        ],
        [
          -0.010229640309049534, -0.9313017485348395, 0.36410494041566926,
          0.5046730534027911
        ],
        [
          -0.06287441666823325, 0.3640025384577638, 0.9292733503791727,
          1.8319401570335383
        ],
        [0.0, 0.0, 0.0, 1.0]
      ]
    },
    {
      "file_path": "./images/0218.png",
      "sharpness": 303.49599648522667,
      "transform_matrix": [
        [
          -0.9980672789136541, -0.013757358076781696, -0.06060067541406573,
          -0.27047358195072463
        ],
        [
          -0.009467379229730158, -0.9301407706325122, 0.36708107488356967,
          0.5338098561544754
        ],
        [
          -0.061417224720873013, 0.36694533912546656, 0.9282128218257285,
          1.9112576003356287
        ],
        [0.0, 0.0, 0.0, 1.0]
      ]
    },
    {
      "file_path": "./images/0217.png",
      "sharpness": 297.4099970958931,
      "transform_matrix": [
        [
          -0.998365016233785, -0.014312938363999715, -0.055339264143120445,
          -0.2730992530897914
        ],
        [
          -0.007097645877856973, -0.9296081932973773, 0.3684809769545484,
          0.5470949423453755
        ],
        [
          -0.056717878869949376, 0.3682712950390978, 0.9279867108244163,
          1.9944847706387367
        ],
        [0.0, 0.0, 0.0, 1.0]
      ]
    },
    {
      "file_path": "./images/0216.png",
      "sharpness": 300.32536663142946,
      "transform_matrix": [
        [
          -0.998747690276968, -0.014204807468918093, -0.04797160213284735,
          -0.277287616521044
        ],
        [
          -0.004467034640363417, -0.9296988131653215, 0.36829358180738675,
          0.5694996751912625
        ],
        [
          -0.049830680990159346, 0.3680466549824402, 0.9284710889350799,
          2.070685723439385
        ],
        [0.0, 0.0, 0.0, 1.0]
      ]
    },
    {
      "file_path": "./images/0215.png",
      "sharpness": 300.54878468151327,
      "transform_matrix": [
        [
          -0.999106508791427, -0.014244056081592672, -0.03979058879872503,
          -0.2857723280552296
        ],
        [
          -0.001421028785663197, -0.9296390370686622, 0.36846877945796286,
          0.5972340534391537
        ],
        [
          -0.04223937461415706, 0.3681960994149653, 0.9287881715481786,
          2.1481617368970416
        ],
        [0.0, 0.0, 0.0, 1.0]
      ]
    },
    {
      "file_path": "./images/0214.png",
      "sharpness": 287.692467364192,
      "transform_matrix": [
        [
          -0.999420464465465, -0.014508238436660598, -0.030793606886790465,
          -0.29650061903190006
        ],
        [
          0.002130769744824395, -0.9295141212440096, 0.3687803658388974,
          0.6104551262062072
        ],
        [
          -0.033973445923658176, 0.3685010304265667, 0.9290063484964082,
          2.2320627785266356
        ],
        [0.0, 0.0, 0.0, 1.0]
      ]
    },
    {
      "file_path": "./images/0213.png",
      "sharpness": 304.4543561409738,
      "transform_matrix": [
        [
          -0.9996634972837496, -0.01423362450232819, -0.021686312087338528,
          -0.3010438689945872
        ],
        [
          0.005247985069802115, -0.9296979648075512, 0.3682854231237021,
          0.6328985952240143
        ],
        [
          -0.025403756634203863, 0.3680476846364122, 0.9294598167659786,
          2.313779138878244
        ],
        [0.0, 0.0, 0.0, 1.0]
      ]
    },
    {
      "file_path": "./images/0212.png",
      "sharpness": 298.4607897905084,
      "transform_matrix": [
        [
          -0.9998416203349516, -0.014410608029887884, -0.01044359239853571,
          -0.30377273240918623
        ],
        [
          0.009552834604647446, -0.9296765812436337, 0.3682528990220789,
          0.6647515211266959
        ],
        [
          -0.015015911460649744, 0.3680948093404172, 0.929667001533155,
          2.3923985004161326
        ],
        [0.0, 0.0, 0.0, 1.0]
      ]
    },
    {
      "file_path": "./images/0211.png",
      "sharpness": 302.69916877852523,
      "transform_matrix": [
        [
          -0.999880768715317, -0.015426662006821754, -0.0006829733474950457,
          -0.30640314183119194
        ],
        [
          0.01408040979997596, -0.9289961236217088, 0.36982150337115793,
          0.6806441482260231
        ],
        [
          -0.006339590927721386, 0.36976779253359254, 0.9291025719433256,
          2.4739877975797646
        ],
        [0.0, 0.0, 0.0, 1.0]
      ]
    },
    {
      "file_path": "./images/0210.png",
      "sharpness": 306.7304301499233,
      "transform_matrix": [
        [
          -0.9998346607599359, -0.017905455480955436, 0.0031695121206610057,
          -0.31093927514214836
        ],
        [
          0.017787425536210096, -0.9268712130785579, 0.3749578134391605,
          0.7013322995728588
        ],
        [
          -0.0037760608916270243, 0.37495219566006277, 0.9270364568526096,
          2.5507484866424277
        ],
        [0.0, 0.0, 0.0, 1.0]
      ]
    },
    {
      "file_path": "./images/0209.png",
      "sharpness": 325.6058236754104,
      "transform_matrix": [
        [
          -0.9997771635623316, -0.020987542455073453, 0.0022685415918590216,
          -0.3183672428981618
        ],
        [
          0.020263951122288393, -0.924044653451095, 0.3817471030844361,
          0.7295491609547791
        ],
        [
          -0.005915699803997142, 0.3817080055358311, 0.9242640331667601,
          2.6269212417862846
        ],
        [0.0, 0.0, 0.0, 1.0]
      ]
    },
    {
      "file_path": "./images/0208.png",
      "sharpness": 317.3656187000647,
      "transform_matrix": [
        [
          -0.9997511740055526, -0.022254554719249316, 0.0015247520346299535,
          -0.32599322115533874
        ],
        [
          0.021102714952630084, -0.9214241101479731, 0.3879849026181871,
          0.7439269130672684
        ],
        [
          -0.007229487958853844, 0.3879205382965228, 0.9216644674020958,
          2.7070078787654244
        ],
        [0.0, 0.0, 0.0, 1.0]
      ]
    },
    {
      "file_path": "./images/0207.png",
      "sharpness": 339.8954894011936,
      "transform_matrix": [
        [
          -0.999816114775338, -0.019103712948111282, 0.0016687681516035118,
          -0.32852581152189186
        ],
        [
          0.01822542229739572, -0.9195616133142209, 0.39252295894766326,
          0.7636336207127729
        ],
        [
          -0.005964110799543512, 0.3924811937794517, 0.9197406927562936,
          2.7818205772676756
        ],
        [0.0, 0.0, 0.0, 1.0]
      ]
    },
    {
      "file_path": "./images/0206.png",
      "sharpness": 358.01191631200146,
      "transform_matrix": [
        [
          -0.9998950725307901, -0.014178734448401752, 0.00296772944977534,
          -0.3307825176687606
        ],
        [
          0.014193671088589255, -0.9179882700161948, 0.39635347332110343,
          0.7938369221851419
        ],
        [
          -0.002895449822446237, 0.3963540079299254, 0.9180931961234708,
          2.8543095038125634
        ],
        [0.0, 0.0, 0.0, 1.0]
      ]
    },
    {
      "file_path": "./images/0205.png",
      "sharpness": 359.302510887644,
      "transform_matrix": [
        [
          -0.9999463726153384, -0.009141804549538847, 0.004866138407894274,
          -0.33154689144376076
        ],
        [
          0.010324751354973908, -0.9166200397186597, 0.39962620321447917,
          0.8063323073666344
        ],
        [
          0.0008070953380594868, 0.39965501397547887, 0.9166652706421112,
          2.9325894736288594
        ],
        [0.0, 0.0, 0.0, 1.0]
      ]
    },
    {
      "file_path": "./images/0204.png",
      "sharpness": 367.285651342589,
      "transform_matrix": [
        [
          -0.9999729099086643, -0.003275253092604115, 0.0065918256937382335,
          -0.3359834151882594
        ],
        [
          0.005655862622384406, -0.9150328166161377, 0.40333975223567375,
          0.8188821609732403
        ],
        [
          0.004710697060303853, 0.40336610818550106, 0.9150265526751055,
          3.00739437058573
        ],
        [0.0, 0.0, 0.0, 1.0]
      ]
    },
    {
      "file_path": "./images/0203.png",
      "sharpness": 371.2337200643012,
      "transform_matrix": [
        [
          -0.9999580482377444, 0.0027033900043879557, 0.008751768223884081,
          -0.3467223527263519
        ],
        [
          0.0010993669214558002, -0.9131273059227426, 0.40767304861941256,
          0.8454080554989899
        ],
        [
          0.009093577785031623, 0.40766556742108856, 0.9130860266055488,
          3.0771869541949117
        ],
        [0.0, 0.0, 0.0, 1.0]
      ]
    },
    {
      "file_path": "./images/0202.png",
      "sharpness": 329.77402137131344,
      "transform_matrix": [
        [
          -0.9998906945210516, 0.008585281842874902, 0.012037107039789533,
          -0.36214092512141294
        ],
        [
          -0.0028686760019259977, -0.9113190054834394, 0.4116909531950771,
          0.8619518795078719
        ],
        [
          0.014504127281740258, 0.41161142255816174, 0.9112440217150625,
          3.153174386729391
        ],
        [0.0, 0.0, 0.0, 1.0]
      ]
    },
    {
      "file_path": "./images/0201.png",
      "sharpness": 334.2215837191319,
      "transform_matrix": [
        [
          -0.9997698969712727, 0.015595742849358855, 0.01472840504016777,
          -0.372156651665941
        ],
        [
          -0.008048486818541768, -0.9091613315705601, 0.41636629911266576,
          0.8747961422776025
        ],
        [
          0.01988403807032985, 0.41615195059235605, 0.9090776529253123,
          3.2289233704293254
        ],
        [0.0, 0.0, 0.0, 1.0]
      ]
    },
    {
      "file_path": "./images/0200.png",
      "sharpness": 350.64477551291486,
      "transform_matrix": [
        [
          -0.999607182406812, 0.022279889733393402, 0.01700257022282283,
          -0.37841344074987304
        ],
        [
          -0.013050609725203131, -0.906906412691586, 0.42112995643230977,
          0.9023233139879431
        ],
        [
          0.024802468960057663, 0.42074263526810124, 0.906840930042937,
          3.3014524205766858
        ],
        [0.0, 0.0, 0.0, 1.0]
      ]
    },
    {
      "file_path": "./images/0199.png",
      "sharpness": 337.6193262663385,
      "transform_matrix": [
        [
          -0.9994470003297962, 0.026650613051659, 0.01988563189195593,
          -0.3821011983711769
        ],
        [
          -0.015740479042892, -0.9059659361080721, 0.42305786830092734,
          0.9204272419279034
        ],
        [
          0.02929045665864412, 0.42251090806722996, 0.9058844306604084,
          3.3764046067211515
        ],
        [0.0, 0.0, 0.0, 1.0]
      ]
    },
    {
      "file_path": "./images/0198.png",
      "sharpness": 328.97864475188027,
      "transform_matrix": [
        [
          -0.999351151880627, 0.02908267399394376, 0.021247901266381004,
          -0.390100468674335
        ],
        [
          -0.017404131137040535, -0.9064030726634574, 0.4220551694809674,
          0.9295898610574547
        ],
        [
          0.03153365589697116, 0.42141151851795106, 0.906321113406372,
          3.451874010541662
        ],
        [0.0, 0.0, 0.0, 1.0]
      ]
    },
    {
      "file_path": "./images/0197.png",
      "sharpness": 317.20091101771845,
      "transform_matrix": [
        [
          -0.9993146724308933, 0.03017411517395354, 0.021440807769403648,
          -0.39973280220369656
        ],
        [
          -0.018458178144706433, -0.9082837103511028, 0.41794736172203817,
          0.9518315006545551
        ],
        [
          0.0320855282629695, 0.41726517262324075, 0.9082181976770685,
          3.5233427000741053
        ],
        [0.0, 0.0, 0.0, 1.0]
      ]
    },
    {
      "file_path": "./images/0196.png",
      "sharpness": 316.4879899600599,
      "transform_matrix": [
        [
          -0.9993572114996757, 0.028658003925596837, 0.021537934780126215,
          -0.4132004937877177
        ],
        [
          -0.017300270886798197, -0.9117366224175274, 0.41041080878788094,
          0.9699803143964496
        ],
        [
          0.03139847847963173, 0.4097743893335449, 0.9116463598323006,
          3.5940574840493373
        ],
        [0.0, 0.0, 0.0, 1.0]
      ]
    },
    {
      "file_path": "./images/0195.png",
      "sharpness": 319.6777207918112,
      "transform_matrix": [
        [
          -0.9995302204554273, 0.023358130125471287, 0.01984278592753437,
          -0.4238524306670768
        ],
        [
          -0.01348719809687748, -0.9165933164553909, 0.3995932778673875,
          0.9807142975978632
        ],
        [
          0.02752151674272313, 0.39913793353469823, 0.916477755392803,
          3.666922454764724
        ],
        [0.0, 0.0, 0.0, 1.0]
      ]
    },
    {
      "file_path": "./images/0194.png",
      "sharpness": 329.7873605022644,
      "transform_matrix": [
        [
          -0.9997240471636786, 0.01665481373269385, 0.01656643299578604,
          -0.4302020447091177
        ],
        [
          -0.008929212416020906, -0.9217085809124312, 0.38778029996123037,
          1.0084577804121841
        ],
        [
          0.021727832112389264, 0.3875253656883914, 0.9216029471848352,
          3.7340216725078452
        ],
        [0.0, 0.0, 0.0, 1.0]
      ]
    },
    {
      "file_path": "./images/0193.png",
      "sharpness": 332.4069483080275,
      "transform_matrix": [
        [
          -0.9998882947296446, 0.008216549133942697, 0.012485446847159326,
          -0.4332633890799914
        ],
        [
          -0.0029145198389579972, -0.9264904732088367, 0.37630693406762294,
          1.0355598923741098
        ],
        [
          0.01465959197085838, 0.376228509517282, 0.9264109266355036,
          3.8037205533606113
        ],
        [0.0, 0.0, 0.0, 1.0]
      ]
    },
    {
      "file_path": "./images/0192.png",
      "sharpness": 312.84561295073337,
      "transform_matrix": [
        [
          -0.9999857836226177, -0.0009181390969421683, 0.005252577772617481,
          -0.43425928002325564
        ],
        [
          0.002771984647248733, -0.9310062976903356, 0.3649925886398923,
          1.0482465702059502
        ],
        [
          0.004555069019690735, 0.36500195983245476, 0.9309956072209431,
          3.8741152245777655
        ],
        [0.0, 0.0, 0.0, 1.0]
      ]
    },
    {
      "file_path": "./images/0191.png",
      "sharpness": 319.4005484623829,
      "transform_matrix": [
        [
          -0.9999387327984968, -0.009177903688170841, -0.006188435442589325,
          -0.4371464803924033
        ],
        [
          0.0063936153442678625, -0.9352446399465658, 0.3539443249072482,
          1.0691916141394888
        ],
        [
          -0.009036168002310394, 0.35388307325317053, 0.9352460201106043,
          3.941960222554831
        ],
        [0.0, 0.0, 0.0, 1.0]
      ]
    },
    {
      "file_path": "./images/0190.png",
      "sharpness": 323.43634186504323,
      "transform_matrix": [
        [
          -0.9997083077507158, -0.01622297606996378, -0.017891742833870603,
          -0.44408717336723524
        ],
        [
          0.009059138849861577, -0.9386040767390842, 0.34487725226820964,
          1.096430832876376
        ],
        [
          -0.022388198174460267, 0.34461457046417054, 0.9384772593975287,
          4.00786045478512
        ],
        [0.0, 0.0, 0.0, 1.0]
      ]
    },
    {
      "file_path": "./images/0189.png",
      "sharpness": 317.757346474697,
      "transform_matrix": [
        [
          -0.9993399143285547, -0.021759682001876692, -0.029090408539130804,
          -0.45358954302041415
        ],
        [
          0.01064881842531923, -0.9410529489755387, 0.3380916294299324,
          1.1088980743335672
        ],
        [
          -0.034732381086543904, 0.3375586815112587, 0.9406634883104795,
          4.078709324834246
        ],
        [0.0, 0.0, 0.0, 1.0]
      ]
    },
    {
      "file_path": "./images/0188.png",
      "sharpness": 319.7303206474637,
      "transform_matrix": [
        [
          -0.9988740494012243, -0.02432933217211397, -0.040727349887502325,
          -0.45596331749326385
        ],
        [
          0.009309984599285141, -0.9423214283282579, 0.3345798109571955,
          1.1215042604021255
        ],
        [
          -0.04651835787687662, 0.33382391961848773, 0.941486926659626,
          4.143448457782091
        ],
        [0.0, 0.0, 0.0, 1.0]
      ]
    },
    {
      "file_path": "./images/0187.png",
      "sharpness": 364.040471526281,
      "transform_matrix": [
        [
          -0.9983073552451731, -0.023401513210863065, -0.05324278019439981,
          -0.4559740221363588
        ],
        [
          0.004147769764913127, -0.9417922592180685, 0.336169803050339,
          1.1456336452501508
        ],
        [
          -0.05801052033351058, 0.33537994820258443, 0.9402952035793156,
          4.204387445811486
        ],
        [0.0, 0.0, 0.0, 1.0]
      ]
    },
    {
      "file_path": "./images/0186.png",
      "sharpness": 359.51343649097424,
      "transform_matrix": [
        [
          -0.9976786898790401, -0.020205533483338207, -0.06503051728147374,
          -0.45664252168862807
        ],
        [
          -0.0032901023848026538, -0.9395480388042831, 0.3424013113370377,
          1.1649972936760717
        ],
        [
          -0.0680176961351961, 0.34182044876759377, 0.9373005781587789,
          4.265862334023123
        ],
        [0.0, 0.0, 0.0, 1.0]
      ]
    },
    {
      "file_path": "./images/0185.png",
      "sharpness": 354.29093792794043,
      "transform_matrix": [
        [
          -0.9971568704636612, -0.017590472580500734, -0.0732717610100339,
          -0.4604773585186583
        ],
        [
          -0.009293246066642006, -0.9362405440385804, 0.35123678519751883,
          1.1683539344850356
        ],
        [
          -0.07477841442997914, 0.35091910602407755, 0.9334152183045871,
          4.312553849911842
        ],
        [0.0, 0.0, 0.0, 1.0]
      ]
    },
    {
      "file_path": "./images/0184.png",
      "sharpness": 350.6584257819012,
      "transform_matrix": [
        [
          -0.996439730628385, -0.01532315213643136, -0.08290394582789856,
          -0.46736813374614955
        ],
        [
          -0.01604426185324193, -0.9309087207251653, 0.36489934960125747,
          1.1777848280346577
        ],
        [
          -0.08276741440214237, 0.3649303422386797, 0.9273485862537042,
          4.362162339945898
        ],
        [0.0, 0.0, 0.0, 1.0]
      ]
    },
    {
      "file_path": "./images/0183.png",
      "sharpness": 104.2732771722486,
      "transform_matrix": [
        [
          -0.9935045082635833, -0.02192204396129531, -0.11166116625082617,
          -0.47821172467510176
        ],
        [
          -0.02326938998645157, -0.9213936964979068, 0.3879332307802232,
          1.1892703730964167
        ],
        [
          -0.1113881840663274, 0.3880117009092413, 0.9148986787660826,
          4.40578399071983
        ],
        [0.0, 0.0, 0.0, 1.0]
      ]
    },
    {
      "file_path": "./images/0182.png",
      "sharpness": 57.76715470655198,
      "transform_matrix": [
        [
          -0.9841970823188781, -0.04433738698119841, -0.1714359917598578,
          -0.4907025647470566
        ],
        [
          -0.03283079372348965, -0.9056718105288448, 0.42270641182372654,
          1.1940871600663778
        ],
        [
          -0.17400644280742095, 0.42165479687664376, 0.8899039218547263,
          4.444724692397503
        ],
        [0.0, 0.0, 0.0, 1.0]
      ]
    },
    {
      "file_path": "./images/0169.png",
      "sharpness": 365.66279895627827,
      "transform_matrix": [
        [
          0.997508754150164, 0.012513343990524565, 0.06942407086855723,
          -0.4352795015406788
        ],
        [
          0.013009513521930822, -0.9998929295837853, -0.006699397456341247,
          1.1338979976014303
        ],
        [
          0.06933280573949356, 0.007585880998943714, -0.9975647429905288,
          4.327557437223769
        ],
        [0.0, 0.0, 0.0, 1.0]
      ]
    },
    {
      "file_path": "./images/0180.png",
      "sharpness": 34.24393605913494,
      "transform_matrix": [
        [
          -0.9153453142654517, -0.14841132961432238, -0.3743220977906458,
          -0.47594769616247085
        ],
        [
          -0.05072226173412406, -0.8796996707656864, 0.47281681592273944,
          1.1428795184690295
        ],
        [
          -0.3994623985018563, 0.45177712037779394, 0.7977012132912247,
          4.408549016714121
        ],
        [0.0, 0.0, 0.0, 1.0]
      ]
    },
    {
      "file_path": "./images/0179.png",
      "sharpness": 37.89409819095555,
      "transform_matrix": [
        [
          -0.8165633687203206, -0.23558510728612173, -0.5269951822257085,
          -0.47496098989917457
        ],
        [
          -0.0679274899470277, -0.8673746024501332, 0.49299812893556694,
          1.185132908177979
        ],
        [
          -0.5732452537733023, 0.43836167287921035, 0.692263622312282,
          4.475506969745307
        ],
        [0.0, 0.0, 0.0, 1.0]
      ]
    },
    {
      "file_path": "./images/0178.png",
      "sharpness": 50.76677752580057,
      "transform_matrix": [
        [
          -0.639798199341744, -0.32383227030585404, -0.696987033471655,
          -0.48646731980305086
        ],
        [
          -0.10414671047030553, -0.8619967001952397, 0.49609994109124056,
          1.1887413213838809
        ],
        [
          -0.7614536931536127, 0.38999275578025067, 0.517777870926954,
          4.481886226095732
        ],
        [0.0, 0.0, 0.0, 1.0]
      ]
    },
    {
      "file_path": "./images/0177.png",
      "sharpness": 81.36739998054225,
      "transform_matrix": [
        [
          -0.3671761013590863, -0.3968358945420852, -0.8412508445129337,
          -0.48136606599813864
        ],
        [
          -0.14293613978276512, -0.8696085786700185, 0.4725993862115268,
          1.1788031455130494
        ],
        [
          -0.9191033513891369, 0.29377234843751565, 0.2625772967313875,
          4.457741667804458
        ],
        [0.0, 0.0, 0.0, 1.0]
      ]
    },
    {
      "file_path": "./images/0176.png",
      "sharpness": 110.05064886313207,
      "transform_matrix": [
        [
          -0.01603231251287391, -0.4217578039214864, -0.9065667762425523,
          -0.46551874094463236
        ],
        [
          -0.17634094989273316, -0.8912784448668842, 0.4177638125862471,
          1.1555545232134048
        ],
        [
          -0.9841985746516897, 0.1665625664637571, -0.06008391720409391,
          4.403016117073987
        ],
        [0.0, 0.0, 0.0, 1.0]
      ]
    },
    {
      "file_path": "./images/0175.png",
      "sharpness": 58.92469410876411,
      "transform_matrix": [
        [
          0.36070934944726996, -0.37852691544345435, -0.8524119541079836,
          -0.42662347204956613
        ],
        [
          -0.18352939758555178, -0.9248777794974511, 0.33304362058707654,
          1.1261329502253192
        ],
        [
          -0.9144428497414214, 0.036310704712633514, -0.4030828789220155,
          4.349517436443379
        ],
        [0.0, 0.0, 0.0, 1.0]
      ]
    },
    {
      "file_path": "./images/0174.png",
      "sharpness": 35.08867203397397,
      "transform_matrix": [
        [
          0.6647996708673424, -0.28492347373987875, -0.6905505135228515,
          -0.37917117099416076
        ],
        [
          -0.15083568473223796, -0.9565632209467976, 0.2494702397947402,
          1.1169768333661134
        ],
        [
          -0.7316351507589216, -0.061688073757322395, -0.6788995417070783,
          4.3842523111963505
        ],
        [0.0, 0.0, 0.0, 1.0]
      ]
    },
    {
      "file_path": "./images/0173.png",
      "sharpness": 34.01511379216943,
      "transform_matrix": [
        [
          0.8765997784919211, -0.16537725870569508, -0.4519106002860574,
          -0.37489312958263815
        ],
        [
          -0.09594654760642062, -0.9803026858160986, 0.17262938389553578,
          1.1286516939758904
        ],
        [
          -0.47155814948988417, -0.1079676177598311, -0.8752004942668526,
          4.424888411295362
        ],
        [0.0, 0.0, 0.0, 1.0]
      ]
    },
    {
      "file_path": "./images/0172.png",
      "sharpness": 47.16175270702478,
      "transform_matrix": [
        [
          0.9728023963567972, -0.06448045331160648, -0.22248094026950324,
          -0.4052848204496151
        ],
        [
          -0.04171001029503564, -0.9935363728846965, 0.10557343792976051,
          1.145057234224671
        ],
        [
          -0.22785032956671478, -0.09342241110060645, -0.9692040447813292,
          4.431315346204032
        ],
        [0.0, 0.0, 0.0, 1.0]
      ]
    },
    {
      "file_path": "./images/0171.png",
      "sharpness": 69.69862075576259,
      "transform_matrix": [
        [
          0.9973770304412917, -0.009018129553784662, -0.07181735505754945,
          -0.42544603830887756
        ],
        [
          -0.0050131282468410115, -0.9984320240517305, 0.05575268507565843,
          1.1433080488552128
        ],
        [
          -0.07220753210913454, -0.05524641786863631, -0.9958583762862027,
          4.417209222072342
        ],
        [0.0, 0.0, 0.0, 1.0]
      ]
    },
    {
      "file_path": "./images/0170.png",
      "sharpness": 411.20640620818983,
      "transform_matrix": [
        [
          0.9996995425111032, 0.010660519319833408, 0.022072109797717614,
          -0.43076911793088796
        ],
        [
          0.01020691252986702, -0.9997364606608281, 0.020562785851339856,
          1.1411738058927026
        ],
        [
          0.022285502904325204, -0.020331319514283318, -0.9995448933425201,
          4.3790670413798995
        ],
        [0.0, 0.0, 0.0, 1.0]
      ]
    },
    {
      "file_path": "./images/0181.png",
      "sharpness": 39.93300382788293,
      "transform_matrix": [
        [
          -0.9638094365934127, -0.08508099781715156, -0.2526511305019751,
          -0.49465634624450877
        ],
        [
          -0.03985153581961536, -0.8910776054659897, 0.4520979497075999,
          1.1909703466625046
        ],
        [
          -0.2635967090581862, 0.4458048057697847, 0.8554383964531042,
          4.472817308443434
        ],
        [0.0, 0.0, 0.0, 1.0]
      ]
    },
    {
      "file_path": "./images/0168.png",
      "sharpness": 352.5480916599462,
      "transform_matrix": [
        [
          0.9959476450748391, 0.008993923997015709, 0.08948406339129876,
          -0.43773862700584937
        ],
        [
          0.011344965138243946, -0.9996027610484636, -0.025799454845026163,
          1.1108899628731153
        ],
        [
          0.08921647849973738, 0.026710099876721162, -0.9956540516307264,
          4.275654299059386
        ],
        [0.0, 0.0, 0.0, 1.0]
      ]
    },
    {
      "file_path": "./images/0167.png",
      "sharpness": 352.80776150985565,
      "transform_matrix": [
        [
          0.9953632854211003, 0.004510603745321243, 0.0960811349306713,
          -0.4346884542203163
        ],
        [
          0.008304162263942776, -0.9992000259457692, -0.0391196758558696,
          1.0963951237069534
        ],
        [
          0.09582781915919449, 0.03973616241947494, -0.994604477403639,
          4.219861160523208
        ],
        [0.0, 0.0, 0.0, 1.0]
      ]
    },
    {
      "file_path": "./images/0166.png",
      "sharpness": 359.7008173995573,
      "transform_matrix": [
        [
          0.9954538762317203, 0.0028920279563449942, 0.09520092683132206,
          -0.4250779477861757
        ],
        [
          0.007293484001645062, -0.9989185911537128, -0.04591789780248315,
          1.0877712475035446
        ],
        [
          0.09496517986273054, 0.04640349579267987, -0.9943984765635242,
          4.162011274062263
        ],
        [0.0, 0.0, 0.0, 1.0]
      ]
    },
    {
      "file_path": "./images/0165.png",
      "sharpness": 374.432857319616,
      "transform_matrix": [
        [
          0.9962169475268285, 0.003598354460047068, 0.0868265242049235,
          -0.41205987618640555
        ],
        [
          0.00811974959555023, -0.9986256579093805, -0.051777070519317986,
          1.070527361800985
        ],
        [
          0.08652088260549509, 0.052286204779432265, -0.9948770223816257,
          4.101987214184168
        ],
        [0.0, 0.0, 0.0, 1.0]
      ]
    },
    {
      "file_path": "./images/0164.png",
      "sharpness": 366.0627933893536,
      "transform_matrix": [
        [
          0.9971471715496362, 0.004766142825912295, 0.07533128269930961,
          -0.4016310434025045
        ],
        [
          0.009241090248656108, -0.9982053143845941, -0.05916715799638908,
          1.0500256295889099
        ],
        [
          0.07491408760424498, 0.05969450742670117, -0.9954016502204058,
          4.042115065988427
        ],
        [0.0, 0.0, 0.0, 1.0]
      ]
    },
    {
      "file_path": "./images/0163.png",
      "sharpness": 373.7562743637327,
      "transform_matrix": [
        [
          0.9979773349478884, 0.006612494138305563, 0.06322589541936853,
          -0.3917586454165846
        ],
        [
          0.010844288449419596, -0.9977058213263118, -0.06682436306928241,
          1.0400580523538043
        ],
        [
          0.06263896820938096, 0.06737483961287304, -0.9957595044230326,
          3.979051172884313
        ],
        [0.0, 0.0, 0.0, 1.0]
      ]
    },
    {
      "file_path": "./images/0162.png",
      "sharpness": 370.34852261254395,
      "transform_matrix": [
        [
          0.9986956533093581, 0.008387050429572497, 0.05036516103505159,
          -0.38237157561678614
        ],
        [
          0.012122131590992903, -0.9971608494405235, -0.07431886886077169,
          1.0277612752273173
        ],
        [
          0.04959885065891672, 0.07483246439978931, -0.9959618749154854,
          3.9124110494053466
        ],
        [0.0, 0.0, 0.0, 1.0]
